0016552237
0017896877
0045065999
0049866287
0054089818
0058192832
0083601780
0113099032
0117238720
0119938179
0124199448
0128491564
0148847657
0154414647
0162045292
0163706609
0173428151
0181166116
0183719996
0183989033
0207416729
0228386038
0232507422
0246489852
0254349262
0256648650
0262070505
0269771069
0271810105
0274252425
0276117004
0276808476
0286626295
0292090622
0306065603
0309725392
0320154169
0349567936
0353037378
0400381710
0422948892
0426283369
0444347973
0446366808
0470217453
0489340626
0521452409
0529529915
0538319230
0539311039
0545032376
0553504328
0581364340
0594865810
0604136920
0633668202
0658153147
0662179423
0662403371
0666598296
0675254141
0681190423
0682218648
0698180839
0702806953
0725585488
0733016525
0734006591
0737090420
0744989080
0756659809
0757762684
0760972290
0771243261
0787596923
0798625349
0799607796
0803207028
0807102770
0811787573
0818967474
0863992405
0890370389
0890828366
0912205105
0913274973
0914434718
0916571006
0932702688
0934220247
0941316801
0944447878
0953869272
0975476809
0978240016
0991712564
1001039419
1010807682
1013825720
1022145657
1022780436
1040784091
1046818834
1049920664
1056089522
1068836627
1074875007
1081174566
1101688013
1112988571
1116021878
1128343762
1133688330
1163506639
1169334106
1170247894
1182481362
1182677152
1190929347
1213052154
1217429635
1220506138
1236356629
1238773481
1240812362
1242702827
1248270233
1249594293
1270521447
1277018550
1279876813
1284887344
1298311853
1307436035
1327046189
1328522225
1334536133
1340570902
1340971803
1351819740
1357160866
1369306524
1373121976
1393982679
1404665980
1419708081
1420371155
1423962493
1424962654
1428615246
1463137587
1464460226
1465245341
1475513914
1476142973
1486626348
1506335909
1509502461
1511661353
1524712570
1530356488
1545429684
1547230582
1551805945
1562005417
1566235698
1579718983
1593083040
1603722546
1610993518
1627235453
1640796845
1656546095
1692062960
1697644097
1701955664
1715941908
1719864376
1720405406
1723339406
1734294584
1745434388
1749890972
1770719289
1775045469
1810086305
1812519509
1815076866
1826387779
1828056170
1829169254
1843712501
1854849347
1855012032
1859311458
1863709359
1869358859
1869731614
1876166547
1884743198
1893042573
1894771754
1896356004
1905430048
1905462885
1938905975
1949894439
1962851808
1996551889
2018619289
2029849023
2035928780
2050574554
2051375280
2057708515
2083477342
2103935635
2104114066
2106115352
2134741626
2150954650
2176164531
2189814858
2200954328
2201853942
2204120734
2205026161
2212069394
2213602000
2243324848
2248357695
2250290726
2265686925
2278779367
2301010060
2301534546
2316198178
2342176714
2343049171
2354098635
2368879520
2382011793
2385471824
2397029823
2399542897
2412499499
2424738570
2433488426
2434865293
2438886790
2443275224
2446628044
2474733379
2477002075
2478092835
2495519447
2510044208
2530578870
2534738851
2542276654
2546219076
2549248627
2557077989
2561297887
2567255609
2567939804
2576083594
2603661901
2607057393
2609935917
2614920776
2620622876
2622098435
2627829800
2640616190
2667755762
2671177118
2671502802
2672745392
2678012814
2681981226
2689232889
2695812111
2701578453
2710007744
2716110218
2731798228
2748732268
2767126082
2769266786
2797070869
2812579251
2820553559
2836712075
2847532281
2853486752
2860109089
2862352054
2875822413
2889262369
2901344019
2908995490
2934104747
2939945622
2976699773
2986548708
2988182395
2990454171
2993219325
2996599389
2996685933
2999221556
3029391826
3050779458
3060574813
3107016145
3122623984
3162683746
3175824050
3181234244
3181887788
3188845853
3190506846
3203765190
3213978873
3217579059
3231247275
3243970811
3251373243
3273755878
3281997784
3289069906
3316432724
3322193068
3337866720
3340952790
3341045613
3347130127
3365691975
3367896536
3368808391
3396491707
3406081313
3433634073
3436805082
3437113398
3437163418
3454336688
3465775802
3469019237
3492952017
3498757001
3511445622
3513913217
3520040156
3525351094
3526291999
3535807104
3537200765
3538199740
3540007048
3555028535
3557350171
3568516051
3575918342
3595895822
3599404649
3613645967
3630867216
3633086275
3645132345
3661237259
3687341828
3694618770
3698644251
3720084835
3720232000
3723738228
3743646896
3756283268
3765036530
3766410129
3769760594
3807121160
3813918106
3814184664
3814939847
3821657518
3824001215
3824777328
3842952516
3847413977
3851315350
3854047108
3876543259
3906494420
3914118339
3925616756
3937992225
3952933186
3959567128
3959716872
3967635784
3974371353
3983711983
3984207539
3993139310
3995515088
3998486073
3999457373
4020455652
4025747925
4037381088
4043891047
4046261614
4049267722
4062793079
4070485490
4077693335
4096440990
4108634427
4111243201
4118938945
4125638913
4130865845
4131391916
4131671541
4169159012
4180822511
4198591579
4199488793
4208681025
4223365018
4227461529
4247734335
4251925429
4252990770
4263693360
4283220641
4285727469
4292195439
4299015620
4304352768
4309337982
4336666616
4338175003
4346206996
4356621533
4356807331
4361959861
4375169437
4378796477
4384344155
4402431914
4425753048
4433093566
4436169636
4444395430
4461397391
4467663618
4469939904
4479237730
4490076894
4511569083
4517401878
4518356383
4520278528
4529269443
4538588044
4552572937
4556501193
4561949858
4589352052
4592413864
4595409098
4597971141
4610100660
4615988644
4624085730
4628003865
4628051731
4631773301
4645639000
4650277095
4661701136
4667999743
4680944316
4683890577
4688921250
4689421457
4691511363
4695084437
4700803579
4706628826
4720923822
4734292897
4735536598
4739443729
4743842919
4744403764
4748409293
4760106989
4768590243
4784067910
4787406591
4815697644
4863838724
4869420310
4875084762
4887626718
4892181032
4905503391
4948828283
4952844193
4953410341
4958290562
4958660640
4972495712
4977216972
4989441814
4991171766
4992515675
4994435623
5017805614
5026260272
5049908531
5063125109
5118334801
5120680908
5128808434
5135360789
5142816177
5145688206
5154732031
5174658815
5178436800
5196744925
5199432606
5210006003
5216229174
5230898015
5246708084
5249839186
5259733343
5277910936
5286538263
5295974996
5299385003
5303822259
5303841850
5312833422
5340374259
5359603918
5361350263
5366429035
5368312024
5379577946
5392133143
5403837975
5421471033
5436500551
5481641734
5484113459
5498333667
5502772581
5524630571
5525745327
5535886554
5536318754
5547567217
5569633378
5574110441
5578717786
5599626579
5637315257
5640613913
5677710297
5680958712
5693929151
5695833398
5702093271
5707060895
5750941819
5756750748
5797278814
5823386627
5829999599
5839264395
5853243848
5854418331
5877181729
5896863199
5897417796
5902396438
5902782169
5918101790
5922119412
5922414308
5951747160
5961003826
5961652788
5961879783
5968109532
5978183434
5981642801
5985346320
5993252322
6000598806
6006337651
6010830277
6019508242
6023727401
6026979677
6056303017
6062285339
6065176044
6071470946
6075074664
6075670358
6078791415
6098554361
6100877182
6101724269
6115190794
6116061814
6129914796
6133634038
6135420640
6144593333
6156057482
6157980543
6165638934
6190185418
6195258767
6195606074
6216252507
6219651815
6225274286
6235048626
6243283667
6257373211
6274164554
6276406908
6287071804
6300511197
6333555740
6338915311
6372716995
6373960510
6374291874
6389407826
6390332848
6395489451
6435826521
6436761765
6450906880
6480512788
6483468413
6505006213
6515035977
6521033233
6524938897
6532663379
6564558799
6578558839
6582596791
6599178050
6600206467
6621744794
6622792117
6623236178
6631393730
6663404290
6665927452
6675484793
6677750599
6679343281
6692183274
6695581642
6703654478
6719001769
6743242972
6743782214
6752926076
6759877838
6762857948
6780181764
6785943310
6789416738
6789559522
6797446545
6803951486
6806724777
6811072697
6826964304
6827309349
6830429207
6831737569
6838907061
6843283972
6845527902
6855860372
6866178506
6877879023
6895010174
6906321189
6917862087
6934550264
6974222653
6987376612
6989143192
7003735949
7005386223
7012934502
7028154447
7029116452
7040838395
7044512951
7051477380
7052568263
7056074239
7065001919
7080832973
7100896829
7124168046
7124720197
7127119400
7135019209
7138898774
7142450582
7160306015
7168568389
7174665949
7186822162
7196013682
7205318401
7219960315
7239505371
7239765215
7244788580
7249695041
7250901354
7293587199
7302687994
7333301366
7333349035
7335008132
7340797645
7342786793
7349844218
7367576836
7371427649
7377444826
7404390083
7425260299
7429915453
7443790735
7447406732
7470198859
7475559300
7484569314
7487046732
7504934674
7509394692
7516487858
7530274933
7546829735
7551530989
7553999359
7564309886
7590555941
7607453417
7615399027
7635763738
7637588571
7641115167
7645633575
7646203837
7647681624
7660224844
7661947751
7676557790
7686161137
7688362981
7691119955
7692437980
7692446128
7696482061
7715990136
7716014981
7736964040
7737251394
7770192404
7770339589
7771248185
7784571714
7785519160
7799103515
7803552116
7809940454
7827623747
7835035028
7837120056
7841105372
7847802024
7849873152
7861995793
7874588513
7888633111
7896274546
7898815342
7910393017
7912298508
7925322084
7935228817
7947505670
7947808790
7961330063
7972125917
7991094498
7996260632
8048808206
8053515155
8056737930
8063390385
8075466960
8077232419
8086963462
8105981742
8115872187
8158068053
8175219933
8176955593
8177136084
8178357682
8208514212
8212147414
8214903995
8229987414
8256005368
8257937222
8268483141
8270391371
8314003839
8317937114
8318744549
8331743712
8350664755
8362780039
8366804773
8399141664
8403379204
8415259315
8415696269
8465435789
8465496859
8465842136
8474020571
8479749953
8481925725
8493221541
8497476979
8512764668
8518967439
8532989470
8537973011
8538056315
8542469210
8597306734
8603519602
8609634065
8616452932
8618365149
8618456152
8637936549
8647725177
8683245287
8689645316
8716395795
8737662547
8743386626
8747307738
8748185979
8751322944
8757742819
8758911738
8759086474
8769263214
8778488919
8785676682
8797425008
8800923011
8831194168
8833361041
8843559955
8859786310
8866597742
8877604334
8882803148
8902265834
8917680924
8923939734
8940146814
8956764280
8957196114
8980147996
8985683754
8995938976
9007933915
9013192564
9020801726
9037412272
9043956631
9044514212
9052243203
9061696667
9072992898
9081824591
9085407062
9087431313
9128191485
9128836195
9129142764
9133676239
9168042036
9191680232
9193956945
9213647368
9222807015
9226639753
9227571278
9232212226
9234450402
9237519113
9241373212
9246678626
9247733359
9252524625
9318422030
9319306853
9321331802
9326966994
9332496991
9348353536
9361089218
9368882149
9371912222
9385169376
9389768245
9392160644
9398740125
9414134744
9418523074
9423723287
9443054306
9444154056
9445121641
9464599779
9470125827
9470544298
9512720465
9542037152
9570737910
9586852293
9596919750
9608369846
9620186906
9623478747
9625609015
9637244150
9653673964
9658649470
9679015188
9686762281
9691410100
9691990013
9724784920
9724985278
9765317936
9784629941
9785664233
9806559954
9810137901
9816344551
9821109481
9835903229
9850310978
9852059293
9881953166
9883401982
9889854558
9921114634
9933655404
9944099175
9950811783
9953488929
9960494323
9962580095
9982332458
9998181089
