00036911948
00194917105
00332015292
00375652227
00457807676
00646247336
00685829374
00760482893
00806867402
01200967091
01209288644
01237497841
01260239959
01313535556
01454993297
01521534484
01670391836
01793752228
01802655862
01837855190
01954944763
02114225015
02456285345
02704804198
02728330926
02839441554
02930365531
03204174134
03373802263
03465685780
03563761714
03565080951
03662863912
03708199516
03776597741
03785863420
03812110034
03894636865
03949515173
03986110077
03994092106
04049255548
04142336450
04234479699
04406161208
04629023558
04736754679
04954677594
05036185196
05376791282
05392651736
05646523557
05749486991
05756108132
05808559584
05814378015
05884622156
05944992731
06057217610
06354967878
06366443688
06407413437
06487610086
06596253424
06651071650
06766360332
06952389842
07010063227
07136191368
07147241319
07205330408
07494382793
07573112586
07612399924
07616064218
07771501978
07848585509
08036043357
08090620226
08144095188
08223023869
08326693719
08428766548
08521888092
08653198731
08694094813
08694654692
08712517469
08751919980
09025607662
09081019685
09136082055
09136469424
09192987843
09235061107
09379548086
09397365556
09400745103
09837289208
09837455150
09899879405
09939082632
10009565740
10065332352
10072413512
10088695134
10155476490
10168992681
10177062811
10235697581
10336773626
10375205567
10446481457
10519301329
10626690663
10638943960
10676817495
10748417309
10828021251
11091330289
11098222356
11115907836
11171201309
11313522942
11360525538
11491256055
11584458138
11639330990
11802749805
11990806990
12127024453
12204118131
12223056229
12224261169
12835624878
12855917981
13024181696
13088199881
13171724181
13255740310
13354192731
13468317033
13529049173
13938421431
14085723775
14108366830
14154631525
14404978884
14419249444
14454885668
14587548665
14610518962
14625509059
14661287611
14719530873
14753457343
14923013062
14994660471
15065893536
15124435352
15208059382
15245300448
15278008427
15312368272
15568775202
15569471348
15616921200
15680105467
15825825610
15852924469
15898134274
15960018158
15983469417
16007795099
16132928301
16134654082
16630153271
16703011060
16830859374
16830875348
16934208008
17028422579
17031423427
17058729574
17180854505
17304331870
17356724352
17421448606
17468585302
17501170900
17743213765
18013476205
18102924442
18113140581
18132639827
18285079807
18349115260
18391362976
18421991683
18461718337
18466521132
18474311117
18816634672
19016067003
19346813812
19511112257
19543322078
19582471171
19781034274
19808272718
19842695394
19861450513
20028416150
20191219165
20416023902
20460725588
20613025316
20718916236
20860440397
20897490834
21047922494
21319208092
21334430801
21396586485
21413945537
21445103248
21503785349
21546726013
21652300507
21806410367
21889768040
22263574144
22524837687
22657422406
22692474660
22946592401
22979139179
23012584336
23134171208
23135436633
23154269382
23223833381
23240390851
23345834061
23399514418
23418480212
23580751982
23629102954
23643201822
23679869634
23852293655
24093341420
24365086790
24370705937
24416323367
24676356351
24683540840
24687583789
24718384911
25255427076
25353757144
25785252284
25841275635
26001440306
26245839923
26462629813
26606187845
26666613246
26722359827
26782174977
26782891773
27124377170
27184208808
27308731646
27449860931
27502280852
27835163120
27975591677
28206890250
28263954082
28479956722
28610127569
28628021552
28658359546
28662486200
29458064197
29556264603
29592370136
29656497060
29960719213
30050416595
30272098530
30300948580
30319680448
30398677043
30450121539
30485657012
30580676349
30666024654
30751362163
30824549725
30824986731
30865490102
31187258916
31209517045
31289570048
31295998187
31324368097
31348935352
31424426165
31498471859
31509458071
31544436377
31693101398
31726390239
31763947585
31811107698
31887790185
31895790525
31961875006
31967885143
32089499832
32095172624
32103054891
32111459570
32152770181
32278250183
32285929494
32316802882
32331865869
32487542941
32515785019
32516794187
32520935745
32528732000
32645713740
32705542986
32830273490
32830341778
32903966020
32920043443
33366875502
33409940329
33559954301
33600235805
33718181785
33775790652
33818051122
33820137951
33889244634
33975255816
33982823694
34150692469
34226447138
34316804215
34347911807
34470018769
34506745232
34703493755
34704278882
34813934753
34833754745
34862482275
34986179381
34986870134
35149189172
35218962992
35446074622
35483084025
35545775366
35716418006
35768694442
35894044142
36030304665
36042294749
36101322624
36321964940
36370487545
36379173523
36477028834
37126647679
37355748511
37454510088
37559720478
37566153726
37666172953
37815226711
37919690110
37950806501
38023504111
38091411473
38096782738
38172236044
38255405883
38334509920
38393987040
38497583503
38633170876
38845860522
39215382646
39304731530
39714405730
39834830926
39849297141
39854023081
39886996914
39940059523
40269598550
40297284307
40537684532
40593977804
40605871272
40795415064
40839791671
40983567803
40995888720
40998883987
41090414306
41254057281
41586235246
41595941801
41774900111
42096457628
42266402632
42310396418
42547858114
42585852456
42643662424
42656574574
43080809326
43109922479
43218577527
43329854517
43357267055
43751340777
43764219729
43889321211
44087062825
44198490071
44492693951
44523818466
44798342493
44843055553
44958069485
44976418621
44980293726
44989560031
45282050367
45685556223
45834811396
45942011290
46086859009
46247533002
46261636189
46291149633
46368078153
46504427437
46637961215
46656801429
46842705023
46979537293
47104818703
47179006711
47391981201
47398252112
47443304331
47516970478
47994148774
48033323460
48161341377
48319693600
48328398088
48625579637
48774743100
48797168361
48899002722
49078806599
49264861802
49294380890
49308306853
49548580067
49583152940
49652272508
49701937720
49853611150
49865330635
50239242094
50543225437
50550614668
50620737792
51001392648
51151234982
51217659397
51223945430
51263960465
51395951363
51431362780
51759978294
51826629142
51889015548
51911678728
52006400467
52075691853
52118441215
52158548115
52194284263
52214987366
52255234857
52517144853
52706609243
52770081928
52952831844
53196728883
53607381483
53824306653
53878580865
53942135330
53973950782
54188175725
54190276305
54479683012
54586331215
54604424490
54680831503
54825737401
54836342763
54959851296
55053976763
55065127286
55328267011
55342279363
55399254689
55499249558
55506353432
55521888455
55569746844
55726418274
55788546608
55803688947
55818856407
56298809015
56398566201
56465659440
56467352737
56566149979
56600377849
56615904123
56773704630
56844681499
56885850788
57227152313
57356616561
57418427764
57500676174
57803232144
57823371217
58110037741
58172168343
58206507082
58219424931
58248651711
58254230222
58292608600
58382349003
58645439321
58766802361
58848660359
58861782877
58939927786
59187933676
59333425803
59450235558
59704010316
59741722391
59948035680
60010989166
60020500270
60023396423
60088672815
60159541439
60240288803
60287930125
60392308373
60530150943
60545998155
60730936394
60799907484
60830085120
60915792982
60920175118
61058612600
61160624415
61416647144
61517434754
61688145420
61824862218
62083911580
62121429393
62127612297
62220008850
62245827923
62579240749
62640118521
62699002352
62768281097
62858048200
62862210075
62879454538
62955781198
63104829434
63155883144
63354210621
63383852551
63711650315
63818304738
64022980213
64078035334
64206739033
64207688843
64273222541
64278159150
64347944701
64364032106
64501048614
64544364333
64598266206
64617965852
64856016100
65083981224
65228555532
65633958593
65692626078
65741424575
65836066135
65844303669
65886267273
65889740251
65915238826
66049374130
66107134806
66120043124
66158053699
66290908164
66392314502
66506344631
66690305543
66692269260
66695635489
67056942756
67099792943
67277124351
67455502123
67491075386
67600068856
67663324492
67670527748
67690729117
67750961659
67830832014
68015245964
68018174965
68023636212
68080501380
68093332365
68117121371
68118408298
68126467651
68248788074
68404785449
68471071096
68680649201
68718861207
68730310483
68830464319
68922721320
68982630591
69070318149
69881135525
70006284315
70156694342
70248076662
70372719096
70428461084
70443124053
70445073597
70561624639
70614894992
70682140425
70701388180
70771042037
70893738885
71050446488
71277411817
71410543230
71518843219
71773219150
72018135108
72092173965
72272937324
72347240271
72359674181
72468852205
72503731932
72702773285
72750311929
72784707314
72822912170
72999367983
73017914535
73148862034
73162034848
73600391606
73630929536
73773344694
73788538267
74059640668
74093387855
74108373243
74225610200
74418636266
74458961053
74526272496
74540777934
74751057038
74770018498
75040152372
75137527011
75139009717
75298224328
75301858185
75416435776
75652652413
75665028345
75684532034
75871679876
75934294524
75951571467
76163284008
76202766356
76370216736
76441147051
76445415373
76545993052
76623480007
76663533472
76689615335
76734795358
76833737218
76852131207
76989747049
77379176667
77402996035
77602591443
77797080219
77923301238
78015569623
78048785002
78179392458
78201190669
78219329758
78242318732
78247184843
78281042817
78284006357
78332419445
78613789849
78627154024
78684182825
78817999737
78846723344
78909214282
79064133407
79074602117
79166643013
79325563782
79399057444
79794998806
79858698582
79881717445
80051350731
80121521861
80284744708
80309455241
80684314234
80702284782
80702768895
80809477670
80820998229
80936922988
81078691464
81090043991
81098948712
81203352744
81302824698
81349771632
81379038732
81487724607
81868142493
82060775324
82325050526
82489524071
82793282808
82963741753
83156284933
83470579314
83633275110
83657542912
83682627297
83713567035
83765597758
83907686427
83912552252
83920820846
83955408707
84042673129
84214766720
84247878836
84302802660
84422020130
84443716218
84574950255
84724823874
84727254132
85112798943
85197247174
85240040764
85247012245
85477386883
85532481458
85533434829
85621321543
85630491800
85665619297
85708974467
85758055011
85953189990
86070937009
86097966312
86141214912
86217889038
86366500694
86531906331
86657901464
86679964274
86712536683
86797104457
86909288142
86927832261
86929742011
86981504046
87015036429
87028388067
87068830773
87152249993
87153564376
87251299756
87278605016
87398322071
87458321922
87474536276
87502076359
87513125252
87635021874
87648703816
87659258937
87784780517
87810995256
87842498377
87876949056
87905598110
87985521964
88153152913
88199654053
88235282316
88239660038
88377356764
88576908221
88617092173
88657628678
88678132347
88941917402
89452895958
89469953366
89484959036
89529870434
89563689612
89585024089
89681187201
89783282165
90361412411
90441864369
90443028872
90497217369
90530888836
90571788204
90710467524
90735745845
90823486398
90898325283
90988228341
90996383607
91054555010
91075845677
91083188101
91381085651
91458765718
91553032202
91583501749
91630199952
91643457955
91669917739
91706720081
91741248098
91762835088
91893814557
92051071352
92062988017
92284654790
92333447043
92337887125
92372570767
92593276981
92619596841
92873112983
92877422101
92934618314
93000541030
93142859292
93196875859
93334007441
93351553783
93425573049
93475130876
93524585679
93597300344
93622485673
93694615822
93787180202
93921897477
93971417562
94112080142
94397328515
94405154901
94604384336
94610415437
94669793177
94831588855
94836600087
94868667569
95056479506
95117668013
95339286413
95520216016
95655269060
95750292150
95782533262
96005838078
96195146715
96310992308
96330521115
96392390204
96432574863
96541028022
96838399374
96881187302
96950122840
97139418917
97171765884
97201272061
97289574253
97450919576
97511500321
97631121234
97708468686
97903959368
98034384467
98062151674
98072102775
98156351277
98467291089
98657629004
98664868402
98695573856
98702468662
99016594254
99020363552
99047877193
99078782563
99162842741
99408582556
99408972854
99455802200
99521103405
99541669859
99768019253
99783622607
99807420496
99978901520
99988188421
99996490028
