0015601685378
0021169570800
0026140817625
0037317947114
0051703357667
0059895574824
0075137715454
0088137652813
0102657288926
0105433040846
0117903128874
0122511205807
0131428670683
0132892925652
0135294775380
0179213546569
0191209580319
0214968491616
0236536298447
0251207682726
0256511078101
0267294587594
0267721535191
0284716326083
0288896282834
0299790726558
0300434902367
0303657330253
0304578351742
0334707045545
0337391440767
0340238696170
0347960329341
0374608096462
0410121742191
0413489811923
0414749158294
0416865453373
0432469044075
0455694379788
0461136401702
0463362468480
0463582949630
0475291124509
0485420947314
0491950779267
0521981961608
0522286734147
0534965487028
0538004005037
0541028696532
0545576229428
0552132067230
0560932547175
0576170380927
0582259190109
0596188661464
0601602070874
0605884774217
0606686314860
0614032159491
0626558326351
0636804360414
0644138847240
0651124901664
0657041775577
0664463477125
0669599835368
0691189068597
0692665909185
0696450340068
0700148977635
0702986437840
0703485074863
0716107018353
0723734770052
0741027989249
0758833844708
0763246886897
0786430906577
0794472631089
0802825216806
0806805696791
0824196614674
0829450308900
0836375249422
0855366206074
0863297565307
0865676704479
0877162447768
0891289102859
0895259866923
0921911228479
0966365078370
0986524393620
0993438849117
1000926469911
1001793471277
1016014347853
1022925348638
1036811602533
1046039080276
1050325338201
1057289357150
1066496571777
1084232319221
1088428213521
1097118741855
1105887187766
1144310853538
1145411285905
1154346659292
1154752290061
1160316031323
1166142027371
1178056722836
1185256434497
1185366268393
1195719719630
1213445424907
1219831555669
1231655547222
1238865648913
1249925128590
1250345019785
1251187469279
1253155220619
1278180344606
1281133014932
1282538228053
1283469777760
1286058357728
1292791242249
1298191863789
1300114725688
1301253346499
1303510396901
1311386450518
1317646042906
1332092483361
1335342611868
1346136238283
1347046909852
1352640727704
1356473180424
1357149799027
1365383420017
1367872121569
1381444917876
1386716641523
1402124694943
1404991177233
1410290851328
1429233794619
1460358103657
1462705568391
1470332525408
1474671610745
1487122625243
1492044888967
1500699912101
1502294652246
1517647311651
1523191572958
1578533769936
1578856645572
1605408726481
1616542280303
1625991595867
1638253439770
1644685194599
1660446962070
1666728820297
1669286219481
1674094706791
1692378548612
1709559673397
1715268632464
1734139527048
1752526092867
1754113819971
1758597437729
1760463004629
1790360033999
1794842896045
1796236874871
1797247216152
1808204190711
1821993845579
1864543511570
1870742319278
1878627079112
1880479657320
1907028985881
1907368569092
1921739009535
1930955077632
1933006422712
1935646733823
1940080260991
1940414172867
1973742712951
1974448932660
1978199486288
1979403131129
1990502632303
2014249998011
2017170571927
2022388488810
2022806478170
2039926144789
2047721740644
2084365272698
2095999754075
2115836198874
2117028800336
2123313934898
2127412814672
2130240257665
2134060231982
2138600678536
2138758448624
2142735535450
2149060950495
2160274869178
2168625830834
2173792536112
2178796819776
2188267882581
2196251179836
2199056030248
2203690388519
2208679113717
2220592026848
2233527378457
2235458567275
2235726096170
2238627328638
2239261496308
2239520859146
2239701996732
2246404784401
2257426983868
2258040654557
2259562424504
2262171484352
2265868065967
2269105928383
2269215130999
2282756667564
2295869635630
2299612984710
2314697135222
2319537199205
2339295503879
2346974235272
2354896095268
2368902874478
2372521815393
2388506064507
2398820852300
2401655380826
2413926037324
2422325881189
2426916319830
2428473352130
2458091645396
2468087123277
2495059664179
2506442812137
2506817066609
2513213612577
2531781737335
2555152533015
2568373273615
2569895019747
2582558562953
2590708725566
2596016983909
2606888091918
2627651719103
2628301347090
2640888727985
2651825491916
2652761440623
2657169222272
2674530689132
2681861634678
2699280537471
2700961770470
2717257049470
2746484987530
2756116013935
2759520121661
2762054101477
2778847221683
2801689705341
2803309702204
2815152599972
2817813144705
2825757851603
2845789949989
2877720761664
2900805651162
2908545967674
2920931599555
2930026034381
2935341014703
2937309497082
2941064146052
2948133183062
2950133463972
2957006937675
2957950767814
2960908900961
2967036974878
2990595525309
2995250210689
2998396498980
3037690367668
3038844885635
3049203939657
3079041583853
3090199487254
3092507550642
3116705311368
3135790203984
3141921166224
3152631596534
3174536869881
3195374640662
3225775814468
3227763203174
3249755312800
3294168687965
3295180744469
3302754796555
3314260217792
3323549979872
3340645660382
3345913501332
3346119331948
3355350633338
3371918141462
3378460929096
3392086739319
3406444908145
3413500713367
3418857004317
3430212387150
3436094526806
3466165732340
3467539871136
3474710176768
3500742995034
3537572050767
3548517150072
3554281391438
3569660207584
3590321697507
3593345215420
3600987270299
3612530461293
3651751077961
3664676861184
3672452387094
3686522326550
3691029062608
3693740557143
3701608561632
3708235615167
3730487747508
3733937712257
3743252451397
3748651757103
3749416139950
3751558818412
3754765484634
3765073590805
3766492142924
3787507500195
3793448416466
3817744653972
3826672158690
3827717326898
3848239899974
3863988134223
3885037461023
3893202591969
3898299715005
3917621771076
3917713881780
3926139591588
3927178972756
3947475698056
3954738383938
3971625203501
3989134103376
3995612146940
4000869383209
4005665340105
4013719534382
4018441537600
4033570441024
4035243976825
4040401691810
4080743463547
4086773911061
4097619602977
4105598441205
4120662005541
4152325409540
4156882330125
4163273683154
4170509074655
4172706090720
4172966232883
4252094223888
4255630514109
4278538785498
4282486787417
4283194930449
4296791757863
4302734694984
4311769083784
4313689999564
4318018474087
4318067272114
4322603668239
4322681407170
4324619142937
4329998574179
4336722891000
4340157040341
4356667778273
4362858075584
4370327710245
4375449497631
4375605541479
4377928961016
4408070182214
4422323617706
4429589498767
4440782645142
4453000564520
4462367151469
4482269741846
4502251212320
4507206455530
4511954672577
4516368163234
4528578088202
4539523715737
4573788665383
4599314946691
4632595893325
4634786536712
4641492340126
4656846820525
4657662632240
4662650654662
4665854766623
4675740682301
4676228342635
4693771445839
4694946391457
4714702015157
4718481197389
4720005545604
4729197770393
4737166466603
4748072480856
4757777225371
4759494891827
4779020264552
4790448724554
4794001267609
4794013559138
4795302204745
4806820700160
4815210287307
4839232697713
4853647540016
4880686680010
4886584327680
4890994857322
4896708863057
4907468376450
4908620113861
4915733201553
4917948304577
4918928844242
4922329469513
4927494784043
4939548564706
4973540324473
4976193180177
4980226160136
4991494894111
5006984115230
5056990765942
5057286853329
5061996051551
5071578757395
5072030697113
5079832768040
5095518082299
5108529797845
5112237850978
5118372540366
5126807737067
5130077027927
5134290220242
5138282979939
5158421639108
5167550892971
5170247141899
5179184169996
5179330599090
5183462058766
5184796481738
5187569563967
5193883749216
5215763452944
5224693879606
5235200932165
5253067730760
5253706801935
5258437038128
5270291464112
5270336960443
5273009487453
5278105313934
5294811849685
5342412215716
5345447830342
5356830272637
5373165698078
5380630320114
5384754990634
5386003115467
5393524724486
5399345285092
5409957051745
5416651496334
5423144525084
5423423487504
5440734282247
5444800945605
5453858011815
5458060861607
5460311585106
5469649795952
5473935348495
5482224957441
5484308282609
5486825734662
5514953440688
5517381391704
5521320027639
5526143080530
5531376774163
5535398598702
5557168718008
5569141068677
5593086178729
5606941734031
5625054257653
5629019826173
5633956217431
5635993912623
5638025844564
5668071784807
5672867961136
5679989999850
5680757717235
5697887331055
5715638732202
5720964350282
5721988177768
5728705660542
5758073904503
5760675571529
5777030101407
5786323645012
5786831029678
5793689133269
5799147501584
5809491318396
5818818788433
5819286893707
5820254587671
5836288433506
5858636013991
5861007960169
5861442243772
5865975631483
5870765729399
5881573903292
5894124631538
5907347136208
5916879351746
5937679239323
5954359344799
5975320925292
5989883805730
5996168728465
5997553015191
6002929076974
6022769848317
6032420517583
6048255048467
6055406196832
6060647660446
6062976802308
6064360965832
6065720726987
6069210700136
6069719864540
6071755607284
6072739395246
6083887519924
6088976336956
6094395948336
6099196279935
6099203234252
6153962680900
6164716926620
6168023667354
6172453034835
6177364995174
6187828333834
6197455762584
6203093796886
6213856782150
6215613055810
6230827071953
6232818573494
6241053311892
6246491955507
6260743274876
6265581728888
6267706609909
6271578613099
6283948713664
6291038037540
6304552131152
6305136363727
6315428385329
6322981458130
6329780677073
6350088124290
6352234919731
6357193732265
6363540533597
6377094735694
6395959193978
6416229893822
6431368204040
6435341711297
6464415186166
6467078999608
6474028865071
6478158316105
6498466787164
6523402505010
6523645236615
6539734905665
6540233230052
6541412972008
6541836876273
6542670825246
6556768471127
6573789614701
6579600358989
6579834559679
6584464768035
6594827272223
6600623590445
6631535393016
6648808104814
6666596331213
6674110546390
6682061167182
6695982367494
6697108059038
6705528755338
6706515568588
6723352006757
6731016054530
6732629687385
6742798886514
6749788418881
6753921813471
6759049383717
6790151111437
6796746524028
6799920887760
6804034444984
6818471298670
6827054305608
6830954385100
6832187746165
6842329537537
6855245312630
6877011285838
6890957725115
6897219680506
6908829535969
6929277608740
6934900967022
6936112540586
6951062631323
6964689110479
6974480835017
6991387890140
7051444137734
7067679924516
7070540881864
7097475263566
7109128924913
7116231343902
7119061817305
7121877269452
7124978918602
7150560449631
7160030008818
7165460139145
7174070102939
7174201511324
7178871209758
7179021549522
7212620396757
7242734281359
7267242667405
7273658391511
7299237293051
7299391837056
7301255074205
7303348463874
7314688575771
7317857387754
7326715688441
7344366534353
7349421414378
7352057468618
7369834522475
7377527890890
7384330682593
7389640136013
7414674420552
7422753135879
7428890754827
7443845721742
7472803141531
7473709467937
7476525243533
7482738492854
7487849928828
7491933817850
7499035504746
7502850975732
7526830907459
7528720195774
7532711528680
7546149248525
7560779261496
7567875911310
7571581550808
7602616110390
7615324811846
7635444595077
7672311513334
7672907178593
7681410078780
7694133509898
7694957601028
7696557371368
7714476079280
7720057113089
7722249144343
7722571390232
7735824864918
7750939864267
7751710914094
7762635951031
7773335112905
7777812791660
7779976029373
7784134152845
7805176080048
7814150755684
7817688716455
7838670573394
7839830360094
7839881095254
7846763647386
7864109606016
7872950001222
7879450786581
7899190035725
7903073959882
7938104146051
7960769169880
7988763896025
7989908508353
8017426585560
8063261747979
8083225891609
8109265146514
8142783504925
8150645822168
8161196081540
8162845877990
8170758218226
8171108677489
8180806687291
8245457357655
8261776092872
8277158158633
8279477007766
8284237857494
8291144640802
8294726649220
8322436692493
8335978690842
8337469866438
8344418414208
8347687293980
8349667474164
8358414259914
8377804252323
8383629980987
8383885884734
8385980951012
8392776071926
8412485984671
8425530614124
8426219655755
8431244692258
8433999587409
8442717289045
8444267489681
8446023348371
8462341072326
8470010507952
8489927811306
8493315897743
8499996624473
8510162197978
8511485132351
8512215838699
8558108847350
8558586822716
8561613722293
8595498178710
8604972989205
8623358154907
8629124622449
8673590389571
8678168630294
8693638246494
8696821551974
8700131151279
8712502215955
8723062078445
8724162010390
8727391912482
8761981630362
8762405886284
8763702498695
8773720286638
8776597443771
8777466472139
8787885521948
8791529486820
8800271749616
8802489951679
8804027166943
8827585841585
8833911403870
8837975579330
8857186594028
8859969114695
8891337706440
8891656443353
8922653103094
8932443441145
8939909125334
8942174548273
8987374444057
8995705843537
9005592161039
9020143528880
9029205569968
9031880011532
9040699173136
9041449507203
9043168171441
9046906391985
9051337812647
9054619497041
9073181959306
9111479468795
9125726314790
9145099940792
9146866949345
9151909026346
9159372957727
9163635209329
9165887301774
9175053651845
9181682076215
9188508070139
9189292490198
9195625610670
9198675620800
9211204742988
9212395345877
9213884371094
9221047188580
9223597453371
9224870828807
9234887630201
9235339182289
9239060767312
9251868700273
9255583624778
9270448315285
9271833712660
9288217118578
9297989174319
9300524246444
9301434350317
9306792952854
9310815695828
9317677976693
9319934714878
9324123744294
9346020242072
9348552177797
9365665034311
9368212855470
9369801398076
9370081857353
9383300598950
9408246146297
9415372982384
9418814447991
9420083078038
9432628615363
9466623167233
9487869049166
9488693771631
9513421325703
9528097566009
9568064147230
9573041722899
9579301711874
9582599005736
9586980037946
9637254505162
9637923246377
9638041439225
9658007335013
9671387179620
9671740028472
9682583380970
9684554150264
9695211337057
9696520226357
9705451633744
9724105542029
9728014194718
9730937845621
9767644110942
9787402418728
9789826334625
9798759779040
9802794636101
9803735279015
9807840673810
9812819623355
9815107764942
9815207183585
9846088364106
9850442074152
9864012321640
9867049919709
9877625064354
9916380333317
9924065328268
9928171814732
9939710460415
9953784893976
9955356570880
9982989212317
9983126072372
9986586743806
9991737658698
