0001215128205662
0008551817170653
0008983825012796
0017992925265026
0068503341968743
0084303672502078
0093868985027214
0111522328130991
0135411108799464
0140198272778896
0150999599871476
0160918032959956
0161192764860851
0180862148830922
0196113528973755
0202168195898384
0214263065236803
0221080405861712
0222823633574333
0236933151659505
0261793663339598
0273008927196451
0275453702210275
0295625466690070
0315838958345572
0323392794892796
0330341192583167
0339757663487132
0350438304916649
0362063853691781
0367140047989843
0371976263216731
0373230339756006
0379874110051001
0381334659280222
0384060771515626
0392562137250940
0407941840073048
0408673380206076
0414320578521828
0421022308178342
0423624071037035
0436810825163467
0439142000821176
0455607536152833
0473385082187764
0482510513958367
0485622470477965
0498139830167237
0500925491980607
0512176296506609
0515229627422425
0524437274053464
0532638412599843
0532838658140719
0534848776631606
0536560524331558
0537755076381762
0545745159562612
0575069989704138
0579354693478977
0590668154811657
0643274400107904
0654225480491581
0682057745078207
0685579433888748
0690130482527715
0698205966434235
0704737280902001
0725620359334648
0734846928953941
0735118607712420
0751931271216965
0752727527630965
0758854013359222
0762342490274184
0796554932439262
0811778455815009
0813934491200027
0815048214172385
0824924007908469
0826144808890573
0836894003705344
0838673938649893
0840891224904558
0844103531615560
0848214336576799
0851047307121170
0862935335972308
0862943579493663
0868392844561166
0907829149794149
0917232850026105
0932575138142843
0939367584636479
0941119239423677
0972626318265058
0989001300448316
1002321856695274
1036601046492562
1038276426804479
1053380471994404
1058691021403519
1071690928659557
1071737720868354
1079359320347956
1086029804672729
1088792745619903
1099870537622292
1107410613444378
1112176157256387
1123473324406269
1127689379395250
1128057448433558
1176560240528803
1201636093050414
1225668846001092
1225793412591061
1234317722277763
1240249300006892
1246822492936222
1249943040821582
1251147468719695
1270929127953268
1272254616067283
1275283494998674
1283347397140334
1301068649314256
1306555741032161
1306797926654621
1310839908230358
1311967805323180
1329564933246959
1339460855433848
1348166821789544
1368242837613597
1368532179846602
1371241729362755
1382646726389277
1387731162581646
1422296254847269
1446527916104216
1460024486647498
1465768890843710
1472099508130367
1489042962955382
1490149658469642
1493802236794106
1500307817003177
1503885228049996
1508880679541481
1511063826863335
1514482686889763
1518989272364590
1529892301181119
1558566745731519
1576887419040271
1577078048095801
1595912417847817
1610157109341077
1617578029995363
1643295078518395
1672168133106043
1686066191416952
1702166914963855
1726934806399346
1766479571406228
1775521220545287
1784901265774170
1785202789105596
1796482220811959
1800892338937840
1806622267131801
1807431441334197
1817620772569898
1845846900916039
1866870247711241
1866965649431165
1918085491346470
1918257128233287
1925926940174752
1926850275639337
1941266192652538
1941987186489167
1948793087870367
1949529164006592
1957803436987093
1959320945663112
1961752965951451
1982055137748277
1985644979611080
1994663617776929
1999675536098251
2004193364881908
2028250290711567
2031780153519931
2044902059708803
2045896018743274
2049509297081425
2060382894781944
2071761876118326
2073553100932573
2075340100582414
2104895940614278
2117447238133103
2128593123262339
2139965098112989
2140810624193863
2143581910693585
2165756793400078
2181691815838923
2189929204645336
2209478127583656
2219276157833417
2228792425253666
2230954579765618
2246735986454311
2249221790521601
2260701312418636
2270351097710182
2274340953953104
2306948933505468
2317581657328428
2329760237920968
2332865579031483
2342821928858838
2356567317256650
2359407068614249
2363622637049118
2368330503527896
2371101754053344
2382259610199377
2390690246231623
2411021996949383
2413812615044169
2415842910351646
2420087444461392
2427733371470113
2468099064805521
2468368984411443
2476003340727384
2483636932554097
2483834483593823
2492167115001070
2501026332009310
2521214801057806
2524042780116748
2525827294630107
2531189316753180
2554827433734862
2561876753071352
2572564453460629
2573166966028501
2575684536534744
2584626532324467
2589306520709983
2590072984452365
2613816917214059
2627329140630374
2632670280134608
2651888907036826
2702102675227426
2703321923998204
2723468499819436
2739557668491922
2749276898332105
2755578802291617
2784140717535159
2786533758565972
2801096884619464
2820988468120982
2825973654687352
2830130514759068
2834979371505262
2865230471438474
2874458574043369
2878421945979933
2880834383534963
2929491761722838
2930435680782848
2935026857746468
2950191679834354
2957861804995373
2976405511076370
2981332507520990
2993521897544153
2993980470919999
3001653661665616
3003375633738050
3004052265946731
3015590882846148
3018486582345220
3031426686716264
3043835231641557
3049232074069934
3056468650965231
3066615810597217
3072654504255000
3084492725828491
3094763188584634
3096651887820508
3107664043829182
3126728317839148
3133176580556448
3133786160931088
3136566283873441
3138680603791503
3149166606058363
3153402585697484
3173424879106278
3197104658874159
3210482674880154
3211954093871571
3218737476178115
3225861434677474
3227328688423413
3228192979756836
3275661232838317
3284446759987111
3305821218434009
3306206329698011
3311184602014728
3327643982683144
3339252389875085
3342702896212987
3347416185618770
3348488282869333
3373940213380397
3374678765205946
3374694639055204
3384054200815639
3388307274264158
3410158889426955
3426365596395050
3431487576321800
3436944278111505
3438201405701257
3445394045453041
3452138447750045
3458726669504500
3474306025910302
3489395600031178
3534101551728990
3551661865078935
3556694558378446
3557441710462948
3565829215711865
3578315900565533
3579072370034330
3585174361215028
3589182564951069
3593078048335731
3598052854246165
3612325500692731
3624360844716402
3638199706600664
3655000597336410
3657397118685039
3658561332185556
3667685852853892
3668701749859159
3673153727885990
3681242573451736
3692938556241342
3694515930867906
3695516442431862
3702622347941236
3718914240986378
3721240270205919
3732101808729098
3742837777210106
3747068851263395
3753465263187701
3756484478089966
3772973551094604
3779726425026454
3809337369780634
3814228607281790
3814471822143652
3827186192161062
3829689661918800
3848808138398718
3854862108094131
3861770705765374
3882479411617304
3884831049462376
3885142407641901
3890118053293393
3896640305292121
3903548967483775
3912059385296412
3916079539741777
3917447663441321
3924433263768410
3928571493157039
3928943241427263
3955582013131880
3955961181838400
3969250762963002
3971655196990944
3971915453386676
3998088951779565
4006228186692604
4006805394465043
4007675169216506
4019511236123903
4030917500090495
4031721698930033
4062149979674617
4082213629657250
4082596457672289
4083221024997195
4100567859626231
4108494578558980
4111610143442629
4113104941793724
4114873718147670
4121150348721761
4127705012093447
4132315207937750
4133027451655571
4153792953575053
4167377658479918
4176873968491969
4187288691677553
4195063549259117
4202413849838504
4215359527942711
4220780400025312
4224833266468159
4230013717656837
4241535833109754
4245643125215715
4246384606377900
4246418587522579
4249896021609428
4287042443527267
4302774265067484
4312880988611148
4314481730217818
4323058211106760
4342927818137204
4348392032682027
4373194645288842
4377723378820195
4382783441021639
4407245105312630
4414205692080850
4449476922597350
4449634134143732
4495748548743487
4510132196813234
4525594164651818
4529315836801824
4541452634003443
4595775864755251
4596803932514511
4599386293552224
4603241576137236
4646040666782350
4659253755950766
4660381008933153
4668286248224605
4693007560605350
4703302265458561
4713829342958479
4714708787524807
4718822474323315
4718962919080621
4727430789739047
4728216701287218
4728655146774906
4758280661115924
4759850612933238
4766536685402136
4767241220561468
4768765483983165
4802531924789701
4806768394394071
4836150993241528
4844083676438618
4849804974807605
4851198638577144
4868772394996719
4868888102935797
4875764037346472
4883238211111477
4884691159644401
4898606878907178
4907465395426437
4912304529331984
4917494632638157
4918581953904195
4941026054179223
4947973631431519
4956022363111837
4958451613940371
4988928241621881
5010424654456422
5017058620460080
5032375568060365
5037337226585707
5045400947252442
5052172448649959
5061961721124339
5074317208379799
5075165936001057
5076285743638058
5082071936307392
5087128736974445
5091026853071280
5091745389373814
5101232223675946
5102186717430313
5104439953073958
5108391092370841
5114326731317883
5122132911998816
5136338962016601
5153686167839506
5169049818534860
5172069783288800
5185161231708799
5222340501377543
5228477708334327
5229041829392106
5241175079572305
5263570517713328
5281327088964751
5296013718928538
5299671929847764
5300041650018366
5319041222052560
5351564539740852
5351705332538771
5352464029249151
5355206798888527
5358492034723288
5362532134861140
5363502974744853
5375968514902719
5380969705194672
5420425767253932
5426485945502329
5426991922298687
5435271573359238
5456390797136407
5462261156789405
5490131386921192
5497132881574589
5508693878946319
5517876108408547
5524530708884888
5525966450349421
5546022742257916
5548003935921966
5555937684919751
5561576529073849
5561960639357414
5564243716580055
5566174352268092
5569987986641234
5579411976834687
5590295524001709
5597081057551093
5639672576369330
5656690489785378
5693136102925137
5725660891136234
5729399647055286
5731687891765936
5733991335118087
5749675889101807
5772399754161278
5781653057216817
5786159863965963
5793341123292137
5806181197576094
5812875855482710
5813669805995149
5818267506514339
5822124706833924
5832203701861006
5832743858029244
5834687488149231
5841645911949325
5844290103956519
5846846149098425
5848593925257802
5854916376392832
5873506055289870
5875324532701575
5879654372080010
5891526838613994
5892853166939437
5899051967080364
5913495482955776
5923051237545895
5931585842191299
5938168750592948
5943111114368090
5950188537407926
5973087990319401
5994408118818800
6002182568750523
6037659009663495
6039073120534258
6077005503172881
6080330529388950
6104723390845348
6108088811495059
6117459485284241
6120154503494546
6134730646579781
6158195664190010
6159532949597941
6162783326210475
6188798069780358
6201775986053805
6235219376704420
6235984254472637
6244434781102284
6260893894166542
6266161922152623
6293284413604684
6293531798031084
6301260287047802
6323012493151904
6340443648423485
6349993588424186
6356587298720752
6373894954022096
6399515898109955
6421230167789023
6430437312221095
6448943033076485
6460548225237485
6465044653891309
6494964674088062
6531996740698338
6549107449443985
6555202111749030
6570618010961830
6571115759159834
6586036399276692
6589902378822865
6591537731595586
6593012348512338
6603733718238848
6631931905080653
6633666621402282
6634301772288177
6638034734075103
6640064151604896
6654184653939474
6659694680518857
6664253523819003
6667581018041960
6680928352115280
6684827392195940
6699994348763000
6716244655689736
6721085839363696
6722175778670097
6722592751264477
6739120903087359
6743801653510094
6750950746919080
6758105604713345
6786095989720993
6788669072374394
6789038240935804
6803162346810411
6820774734583166
6831119341461781
6847343348773797
6858681028268686
6881449062833771
6888806884517898
6900186575018701
6922918970505083
6930193532032862
6932389330638711
6935434556862803
6946774973011115
6948493054145851
6958174151016020
6972555548937033
6976851168200612
6978354063867846
6994780168079400
7001823416607193
7004690900583983
7009152314478514
7014646148712381
7016874267412874
7018715780471660
7021772919894218
7029806314219596
7050028479880039
7051771304931091
7053518960920293
7065352241886714
7074028837945529
7075730068290028
7092939751370410
7093278428392569
7103391885710110
7115017167564041
7116635620112729
7119556296011784
7170463564559522
7170929433925436
7172475377140341
7175821995352837
7184587641900011
7185808339683419
7187389803130976
7189526356139562
7190396520216345
7196143403981227
7198437696181158
7202594157729354
7216642679006900
7223490784581578
7226103555108363
7232502047497861
7234819966589021
7235215270067406
7241855424903161
7251354693517574
7281582984823905
7291686574609430
7298354413197990
7315381658409636
7319799773700152
7323821784015657
7325982432338453
7358226473080368
7361914915071841
7363462890683825
7365704161322143
7371355725816944
7381577943811817
7385222828672352
7385435960527338
7388601397634661
7391659785825798
7392305832848174
7428268961676971
7432759813707072
7478413716284454
7479190048058158
7483410021562901
7491791957356745
7506516570531525
7514685709501366
7528276010834759
7541848314058197
7542097381546323
7551330021297759
7562663549473852
7591740591914057
7592234094337754
7592301397134357
7593497734090123
7604646465415639
7622363584718524
7629638463915974
7629995650714674
7634383519570779
7651811079258193
7655478774442878
7713231837786490
7719337821516597
7727179891801540
7738580394775322
7741214788047485
7746079267861325
7754179277247369
7773487140199497
7777403704116281
7777959919194500
7804397604274261
7813655004891874
7823414594463463
7838415987551715
7841430451367131
7848594194966566
7848954938044231
7851221439378549
7865201595501672
7892576670446730
7895662965980981
7902486284887728
7942778430983774
7953329361879977
7961968518218425
7969587737375519
7990731671412887
7992950252076396
7998994676878305
8002024451303330
8012742094580756
8040245984922480
8063517143629527
8066962613373532
8070763283230704
8075732176716169
8077013051058327
8106657441642030
8115777112126206
8118321549277782
8121562986650280
8129120562109792
8133978454835611
8140901550297464
8140909435987129
8142425843017006
8145419472285228
8146594537325457
8162066028115315
8168975808063672
8179248240613342
8183827715767753
8189565031028738
8212404757132438
8217402765758875
8227673280924079
8232617044462286
8233323149416821
8239453782594981
8240908680583910
8254501216666190
8261229370751217
8278046338811704
8294534601315032
8296834543185767
8308674209401966
8316390425585508
8320329980326625
8339317895755888
8341114144762332
8346139596990020
8380411036523043
8404456203825121
8405713782835015
8412118357540340
8413744716838545
8416641473405932
8418372388078961
8423598739435064
8444912514412026
8465239089313757
8468931607754986
8477442736973844
8479646730698305
8496960908949272
8499016255695438
8503222023120140
8504794147198176
8515564906702503
8516230253449289
8570469398577675
8588186326469157
8599477486487878
8599964339105667
8601194448573397
8615877731669079
8631808164404876
8652315408149728
8659429359320169
8663362233360918
8678048357422870
8691723825163790
8716676019365869
8717155892131257
8734062346996440
8740525236567178
8743852581030386
8753786716793969
8769283921502763
8773221014434864
8783715691498521
8793477795664944
8806599681594104
8808661492468996
8822907491923468
8825929174545765
8832612976134456
8835727860031714
8849949914740187
8852441655458758
8853914364183659
8859220368161461
8863884948794156
8874755952208408
8884851488855168
8885969494943161
8890177434932334
8891741891106030
8892049483606310
8899571494871315
8931163680277134
8939242945010363
8947889001916669
9001838389350569
9002632314655765
9004265196506077
9014289397622707
9026017018200881
9041904716539056
9060050625766395
9060358059575720
9062697360161844
9064775221034558
9067047903612869
9071059970163304
9079822318962626
9100910810693003
9120202199124873
9132819396200594
9146564549996293
9149494397356619
9173327863218919
9186784741771682
9194731220860051
9239909311627439
9243520409663389
9245842762636271
9247498925820370
9256826345292124
9257211387624405
9275205891650174
9294214794624293
9300240786700102
9301809955262887
9305542145101371
9317179894416167
9321609162420729
9328077870045454
9331176585831918
9335489709913226
9337677454257538
9345309141303980
9346118103777834
9376870496863006
9381882738521401
9388120328435234
9388542322743967
9393197112522306
9400983167182971
9432803919914940
9445980207590260
9455579807017349
9460326739991770
9460381245227198
9467595506435401
9471398984861991
9481910145042668
9499111807202590
9522925904780494
9529400373873168
9532310916699082
9536492216497521
9584336396113508
9600581569897714
9609202877265601
9653778606026861
9671507775043580
9688658757360128
9691661920211873
9701659732918834
9704070096509414
9710409325669972
9712904506854751
9720076829662709
9720539485821157
9741003975446989
9750865102280780
9753673671708641
9754196222489093
9770095601775227
9774589879408302
9799911429452276
9801771242366583
9806925616898103
9820747524008876
9821427930109653
9828027325016338
9829019353507648
9842425781778766
9843930991207523
9845278863857294
9894230050827581
9903050176790091
9906209255368562
9951334680191773
9964272428570219
9977719513725886
