000140306024
000478341735
001202058530
001452238173
001639282665
002448112903
002477582169
002581718534
005184024588
005388200956
005998102728
007382153721
007630677651
008305081593
008516264579
008721972026
009195145785
009929829317
011275915035
011306212466
011788134860
012502008453
017247917257
017691313502
017694612850
019324942874
021029368807
022614850774
023448507969
024250324148
026054945047
026656105340
028147699956
028875510328
029506542801
030386827986
032319633193
034262516770
035430090989
035593757075
036718905617
041405022526
042493850532
043344009929
044988966796
045545822829
048318959312
050189014476
050244686220
050582852551
051667844759
052537717715
052648486966
053955872482
056596407046
056781767489
056810433707
057791351477
059503875169
059845585992
061716798173
061746983596
062418065934
062755386256
063367031423
063690758859
064591747674
065252016648
066287744054
067212661856
068021904913
069427666567
070612519296
070789774216
071685178907
072589661199
073250307768
074769940620
076332628546
076569113755
077435539386
078103756654
078113146507
079871001454
080501040416
080626155517
081600264403
081679859267
083688966567
084397174270
084693310968
085035454596
085493183178
086570718913
087428374785
089354664424
090108494698
090887732095
092190014597
092220075174
093352254985
094403048396
095505285687
095549240089
097494709347
097800563858
099032283956
099823488879
100186869982
100299926313
100473836661
101250596674
101729554885
102785917050
102924338534
102964015034
104221459852
105022055168
105093485982
106670575605
106959804012
107772592466
109811174751
111165335116
112228633316
113329293068
114447104104
118282271954
119461421708
122718692170
124168856143
124622604484
124714181170
129710679415
130906436340
132802086482
133886781406
134951037649
135663736678
136715603846
142872748366
144856056944
147631073572
147950474400
148710217617
148724256301
149698448878
149726251318
150534659183
151313111058
152088212457
153871444193
157883015534
158497823956
160992710661
161017689146
161383878102
161406271495
161931318837
162861878070
163026010466
163937339662
165845038632
165975800276
167957422767
169349339897
169553663824
169694224349
173368340302
173553834502
173807341117
176021545376
180319085366
183095649475
184661444158
186698812096
186915389061
189443568347
189611810653
189888602583
190089638519
191228019260
192360989920
192859935089
194236254271
194621661071
195225855943
196577149719
198069719451
199133416394
200708998985
203933344242
205196300131
205521931997
205781435881
207120896645
207532239398
207842392532
208244972128
208286237673
209837800680
210653186292
213248641170
213724036255
213982404539
215371182268
215702530322
216079233221
216364483137
217153328352
218254744648
218589986544
220189224375
224509439949
224803542959
225152626011
225673411276
229386210620
229870558883
229939340906
229983675041
231168292415
231781207413
232132871310
234168744269
234270699226
234942995411
236628114599
237445662128
238223400947
238366905425
240755505215
242188090011
242557802095
242614724107
243033784186
243189482591
243347143130
243875312505
246695876708
247902765533
250961470489
251201325556
251753129486
251863570323
255391841105
255444701607
256919288796
259317124366
261718580217
263792540797
265079379688
266880797267
267287240876
268034067891
271106565202
273413227065
275320870115
275884935737
276033156444
279811829602
280067700670
280386162136
282383893278
283046771446
283545717462
283662342472
283958786210
283967966055
286347203502
289139978313
292368168169
293500795416
293576880819
294164142135
295403265019
295425318028
295651765716
296265565593
297662955727
300739743980
300861721035
301115161978
301711294069
301768363049
301769571166
302065241360
302332239016
303675314182
304082610567
304313481248
304959443704
305135325440
305468378898
306777687528
308230332646
308669653918
308684942933
310981171055
311839252318
311871017520
315211229187
315366133852
315837081737
316790969098
319534137333
319552888230
320366320368
321198560628
321308233852
322148328539
324491575812
325452658725
328076464142
328125891805
328929646151
331207495921
331500602505
333604498401
337138077730
337374617890
337920610482
338341503310
338654166003
339906317625
340952437994
341517480607
342688937829
342712206974
343378168390
343648180546
344081619086
344302099216
346077307045
346497039398
347508820893
348157912557
350163261451
351660562201
352139797182
352805011784
354662009780
355507534649
355561266087
355662225985
356181896200
356273521001
356706067219
359750269024
359853685609
363701625864
364194243697
364322020623
365440559390
365944249586
367491486063
367946291984
368183669559
369071318966
371291292044
371743361833
373283132226
373875604391
374389274869
374581643422
374625233281
374758604005
375390140445
375831641612
376625231708
376704255931
378453948694
378684932415
379160827264
379233276343
379536134537
379703042443
379744098155
380422432382
382330904618
383047556662
385184025026
386068323290
387987284648
389080947207
389779079917
392450924983
392703679983
393418234934
394101462004
396257308933
396556382878
397729095174
398644527188
399513388298
403884755628
404007200662
404247251397
405238277444
405389712498
405651208889
405884729207
407397759512
410231553903
410345561411
412671530909
415246051275
415602453018
416328868440
416584255246
418637267544
418815094447
419364421143
419671758094
421312163014
421718080638
423122193876
423929172028
425817824303
427809975101
429739416736
431203559029
432391131471
434960546128
436024139931
437666874507
438143474065
438369430373
439676783331
440357428763
440706485317
442023066780
443192214676
443419102361
443754712875
443851205758
445698186265
445954437859
446872429224
447008315979
448290488573
448835437176
453836442734
456680161099
456913526817
458275956218
459048314736
460245449836
460790314718
462117784577
463096908559
463405590091
464279614874
464490242071
465462235555
466858208539
466961693607
466962508980
467426957623
467942019376
468576756155
469760614284
471025697233
471132605585
471729388087
474556979575
474582819149
475192400546
476104409917
478283925832
478575713265
478865684713
478870692981
479118801821
479422521518
481505244863
483512294011
486902848043
492682525883
493314721183
495203332870
495532023075
497031722467
498620247678
501123342614
501156167679
501493031982
503126559979
506187201410
506559274288
507137386942
507299889130
507887122492
508043886819
509218262888
509937892412
510272639054
510433347794
512622744911
512718766921
516573467164
517416394548
517904276400
518163098236
518471585133
518780208743
519286626697
519934536297
521011583017
522447919118
523514697859
525098673917
525215893376
525511160249
525561220228
526549227879
528242948778
528460844159
528573987227
532552458613
532693799396
532795313965
532953093906
533086051883
533427201504
536044576483
539477118130
540508641642
540941677242
546605587377
548553025574
552296104547
553985091433
554958269086
555761524398
557545229562
557590972578
558465710186
559953922950
560990543368
562453483410
565050291622
565388568126
565933117791
566264529014
566376146470
567345812327
567390171917
567831471111
568846406557
568973642597
571174155250
571233159893
571633126240
576838064950
577669080532
577719941559
578593961623
579119530526
579225853024
580858108731
581170635744
581827958641
582232580467
586396222752
586892873116
587247685870
588753414845
588933407844
589809824118
590478396255
590818647310
591588304262
594767478042
595073377138
596049799872
598241585356
598376033657
599075210026
599187379437
599907794216
600494545052
600886086853
602121272134
602449756302
604084523002
604101264513
604177719356
604586501361
604728646908
605209364026
605717701039
606187033817
606789881303
606881145735
608801665371
609097062757
609430283852
609852340200
610863390228
613314619948
613738084001
613774636077
615862862974
616892926831
617823937758
617953007031
618777550686
618938859020
620213524366
622122110236
622704076282
622723870679
623338592632
623949777833
624635760183
625206001466
626451867810
626600299723
627319968986
629060999529
629630759058
630258851242
630887884881
631130952787
633192050894
633488430390
633948345239
636175303219
638006970296
640105960326
640468126346
640917586749
640959539519
641927107335
642855910105
642990975294
643089407116
643359029549
643518439826
644104149467
644396522923
644567608465
645165591818
648072459524
649286994222
649372459326
649456613161
650302730076
653221319400
653684223018
654014074418
654201412410
654621138829
655075306701
655951016313
656581046638
657200662893
658325325866
661241216667
664403761426
665018873040
665175496755
665524595715
668080799547
668495533702
668750113780
669280846473
670432634916
671659216577
671766869045
672639707991
676195328200
676275123117
677004968208
678743096265
679029681562
680642460579
681200937381
682136482181
682157013514
682526720682
683702974866
685775094088
685867159038
686909245476
688983666969
689698220888
690734449629
691776344906
693314021112
693568961962
693593006180
695020852897
695168115433
696908085324
697094195581
699079738067
699481358052
700302451254
700779553246
701398369367
701877445126
702685447227
703124490048
704063942235
705172516399
705900600934
711261725277
711452535182
712946640839
717984383125
719445925994
719659597202
720797580527
720978798643
721085366416
721324359271
721611276425
721766852280
722137298364
722273248836
722894722270
724864900443
727073478995
727719043222
731623665208
733880691644
737516681715
737747508896
741030385380
741249116229
743262837323
744347462921
744642573809
745910873377
746191952104
747174815300
747878727890
748187126525
748224859308
748809710983
749612147703
750196139184
750654076850
751443282492
751903506030
752228704693
754147872097
755285159474
755433477774
755779106183
757107774174
757934776391
758211568612
758358018620
758710964792
759371411468
764230828446
764979399054
766355458665
768127908344
768250339781
769160196921
769493931915
775280075159
776863263285
777426467400
777675834835
778610971005
779411171996
784576303667
784893121970
787939190175
789252475969
792037871173
792708301987
793028432444
793902108751
794134392497
794142696787
794555901725
796926639362
797156646008
797198914392
797586090120
798896051441
799689686347
801290007842
801626905240
802544944516
804358459439
804481537626
805317265103
806771818661
807033678439
807466919303
807979575816
808620769684
809212993612
810034932718
810364499826
810397551220
811309362885
811354276224
812094115454
812789445743
812968634829
813304581084
813675557523
814247183274
814946567415
815078237430
816046052984
816158494703
817005018397
817282738095
817768572335
821779994797
822348104855
822766763690
823366400302
823400836095
824570050088
825633916480
826839846538
827160769875
829722376406
829996948463
832896772212
833377834787
835203919177
835448013567
835908322985
836598281005
837880358766
838828351623
839841917270
840455410163
841122293903
841471311700
842078005180
842540683303
843876311434
846327864798
849117071823
849614172485
850248681596
851660490986
852322793927
852929885823
853029774016
853535054609
853749489732
854773381711
855484317775
855508842977
856297173334
857800089829
859060309534
860277867891
863678359363
864228211887
864268138807
864481687466
864941213381
865817295818
866048612052
866316623915
866743215576
866985236296
867066046478
868158330260
870229629726
870592719278
870699513261
872317354421
875041405641
876322578625
877615647413
877627230330
881222604535
881978685577
882004488355
887052528143
887943634128
890288328923
891742707152
895055216283
895555849472
896787825983
896807407791
900014299273
900523125292
900826426166
900938018399
901013793435
901304250651
901645574350
901887677393
902315091511
903867052242
905407245519
907505876531
907520829398
909840447112
910252599635
910297169596
910358972550
912908053717
913094221035
913524422206
914823800705
914882025363
914935120779
915124590312
916275664094
916594211717
917919873024
917928107360
920136216195
921007833812
921582062322
922158910106
922385187273
924508608434
924945556921
925454964452
926058472462
928722479358
929387884027
931477402910
933432677059
933522670386
934173416318
934403871645
935139753457
935573309600
936488025410
937962827417
941110136878
941868467966
942156996386
942562581165
942878077261
946666288415
946804327864
947177962527
948691081951
949971797543
950399523987
952725030374
954952111677
956431640844
956755744715
957930866615
958623842219
960342223094
961028541541
961283344033
961628090042
961868790971
962141110376
962839807132
962978174586
964461505347
964823703050
965188073029
967028743381
967413463758
967693322036
969450787044
969506777638
974307529337
974353688246
978918633159
979482360455
980250188158
980409994032
982467610713
982742563056
984468093878
985241075617
986052203390
986699547490
987252822188
987386430834
988104745473
988514338909
988532612302
989377884713
989906906340
990358010877
990941837312
991412567079
991890937642
992148908459
993348923623
998358166956
999109364967
