00147342879503
00316672631490
00381800389990
00443458242091
00476480405537
00937028252465
01007718981280
01091477680629
01130748466651
01234036649825
01265373405929
01338102066237
01384017908971
01674953404818
01737933020628
01756175499053
02190384620729
02275706020457
02398729045523
02532264691517
02721996282978
02897635681523
02939199339105
02944463006122
02957412107006
03163386673139
03324041751487
03349075410244
03357717198708
03386231294029
03489077754879
03525290997456
04213820824392
04314794596056
04403334667542
04512380429961
04610308168716
04768409436975
04859361077949
05071845364866
05293602422151
05428715575909
05508304108669
05691393924676
05730286931933
05931832129627
06000799031647
06146723860435
06249110526614
06439876397345
06605806916400
06636315888532
06842002806104
07043622962268
07052880458075
07057326271469
07374333472005
07459628984461
07535537333401
07595159699829
07615053538460
07621173878623
07876638066979
07917748217140
07993525456656
08091512246887
08157783330054
08216030009026
08313528611724
08318023234235
08342331911291
08347379205482
08492405393967
08825942016711
08843348753092
08922615078935
08959697350253
09071126835554
09193499053513
09221817816203
09420532331104
09454072383237
09461980866692
09544765838831
09563257499262
09667290316829
09733515062232
09789124979185
10167383263812
10327610859956
10435242751124
10483217821916
10524543391270
10792905953884
10912215484319
10931896456566
10969507846865
11000463343013
11152037366544
11242412193391
11244962846669
11429152103449
11453024979890
11810539516932
12101180683265
12182881449817
12217097372830
12317915477886
12395452642394
12396931450380
12404008491925
12533747426720
12610589328783
12647745403753
12759440085449
12810937418460
12884071855528
12930995630071
12940562330292
12976986924463
13128176280834
13157543606784
13293932266687
13314537609923
13395367038014
13498314308217
13499571581550
13508345502206
13526015619408
13566756384488
13717633054011
13770242658891
14059645854228
14065765337083
14278495064339
14288432541890
14347574818309
14481778502608
14536604138849
14575382803203
14730922700583
14759506341369
15032164115600
15361196041186
15550560561803
15631609621887
15694846375570
15709115687306
15812020864604
15966744462389
16034450928254
16098962561704
16128670907256
16194129229917
16241164346671
16252677279372
16287896393793
16292850448082
16296048833565
16351857113450
16455219021594
16498151922251
16558739709135
16628853316603
16687574165673
16764305705529
16853347870933
16864209527971
16866857635490
17010017594967
17066059660720
17087261443552
17130602855869
17149597770089
17237531433171
17254811418213
17387904001167
17630003457907
17723344046568
17741513673173
18027055915554
18052810302766
18070192548193
18147405669131
18234315478716
18434133243775
18480628526765
18553348936934
18611069375868
18693150493343
18820331923426
18871164650038
18885149071602
18958153640278
18977630668835
19101796914758
19232065734511
19245227054579
19261654685213
19345749467591
19614114255574
19844418936220
20031263318355
20123017156092
20132359631991
20167964357711
20366165384858
20378253277633
20433202239358
20570611540020
20743339152244
20783361497130
20874388070661
21121276995758
21185168442946
21189084098262
21384507899217
21400770360075
21504225752522
21637592224700
21766614228644
22290650291370
22316531015725
22353376068149
22395227454150
22398764211678
22564367730510
22781419958284
22791957731112
22837226772676
23073212996445
23231515792910
23307740276668
23315869639304
23331333056104
23541241677837
23551659281801
23688461616763
23743722951981
23857996354114
23896443214054
23926142755773
23931592575864
23933828019541
24121443595905
24565576058826
24566891136986
25057653859847
25176178772684
25342729972514
25446649794354
25609313666147
25648736789540
25724202276373
25725980272729
25946456197083
26144785228535
26197892265725
26231783016268
26437321915603
26632110585145
26715119179149
26819130623125
26838546898495
26916844051890
26973930251475
27292119078798
27350615703954
27361335257877
27366334220916
27685756004238
27776852903574
27892997519516
28127421663180
28158843689218
28371150580053
28660867043280
28678139895838
28712632011225
28834463499166
28874700667619
29190986338830
29295856066845
29334542596363
29336845868004
29476755127494
29631022854319
29804878914685
29844027152534
29970862931850
30048301430457
30112602543951
30232195608805
30278946835956
30293789319224
30420542944482
30516003731671
30531739881422
30963497559854
31057536722483
31158352600734
31204962000410
31439751556760
31458417145951
31488172159168
31501984526979
31544741403408
31597705302849
31698889783209
31863645956131
31908081274903
31968995637037
31982481150468
32268307144964
32398706050903
32403958032945
32590554869067
32769121355233
32785315783337
32991336357913
32992526407412
32995346532981
32999503287557
33107959423921
33182988159048
33432856707936
33505125231169
33539166607563
33554277598920
33563890035676
33609898458296
33610100428128
33794559057540
33821314713269
33876286706239
33987019643875
34012441977024
34018054304605
34076737699872
34433544805674
34606822996244
34638203536780
34860477291361
35166641079419
35182405231038
35217522656993
35392266227746
35552538826606
35933757964856
36009789761808
36159293510038
36216740407747
36234037798375
36359224756807
36420018806200
36455427301859
36932058502474
37020589124818
37020602484133
37067886241053
37251017680461
37263789168038
37375637537768
37466584637565
37475290363752
37479828063540
37795923621659
37798045063465
37854145329420
37899237083503
38175886226461
38184161903267
38239416027831
38407648756944
38430471153847
38551858027217
38558491295254
38570197806358
38573189016685
38607868585188
38687200379139
38962808118012
39023884607172
39077223994089
39309877912711
39366479589199
39437168833446
39654152315448
39927676552969
40007738314607
40017184306947
40109111346639
40122522843489
40135829946477
40159444613105
40208684547403
40259591876037
40268328585498
40342863702897
40377626415478
40382782888103
40395573324742
40404298950732
40404877619613
40476259616236
40551370464092
40591547299605
40606525432730
40617534709197
40702153545753
40834759297132
40854294598891
41035296829716
41060184035857
41074957668232
41171072201536
41210656832922
41232325418049
41285869262898
41335741630496
41365443321074
41511078155167
41634877338095
41688153592053
42128425606171
42136110414538
42754118230842
42809138198605
42913420585917
42941241502483
42953446424973
43031538437298
43098788878295
43253520944860
43311555192862
43344930150477
43383104633363
43454505849675
43490708781374
43582623554100
43656339279976
43741292735715
43786609458714
43925437866818
43956981807032
44051324820129
44082633069412
44140703255348
44552660982077
44615645382266
44651550909926
44667272923321
44937395856058
45455657556490
45554211237202
45557869477413
45604021060939
45696850064235
45912640046086
46118963887293
46280374364295
46347684275438
46466759793656
46514790395382
46523782448901
46848470375683
46999895644580
47060440616243
47102842727911
47117427176228
47317053308045
47399702978002
47431605212888
47501655475661
47922922264279
47965456130311
47985666854250
47998679332936
48041939847404
48241816705097
48290777066219
48454078177640
48459097658409
48488817714139
48513724114571
48574209633502
48727555764423
48964157012754
49121639989924
49390571262694
49412187068847
49737448550385
49899677240203
49910177256758
49943625434874
50207517673768
50233973641709
50266611259810
50274063403427
50310564163634
50484215354725
50568555648494
50595962904507
50638677888500
50639807931396
50737057498135
50958353876001
51164171423212
51166254200261
51269075011290
51309607354133
51320492096464
51406458423192
51456543278710
51512696301795
51776225091530
52008320361928
52317327515917
52398356202690
52681172635427
52764886867028
52843382950318
53023154197312
53153955234879
53204674279561
53353738104125
53753858863842
53756583537565
53832242453371
53872184716452
53893628860652
54005834014711
54137102163959
54137566870181
54181640383446
54422287505674
54536408761360
55030148449863
55058839392520
55094680404036
55359464728030
55451062484235
55545180210123
55566134704957
55727777927492
55788062114205
56264038993780
56280926708760
56383069663883
56668797528921
56689973284957
56716670396609
56744656718035
56768614355192
56972714648981
57197683372840
57347282511506
57538981718475
57589709401156
57762981987593
57945673631208
57964736410363
58023574688536
58062631126744
58107068807276
58176274285125
58326411038982
58512926047715
58602266717616
58633469901628
58658020422725
58826774754110
58900125225317
58915379720547
58983681253141
59094717064788
59498821391580
59586333632565
59597030441556
59619819853140
59967647325179
60065376554202
60077336401774
60187709806562
60188594232889
60364758962422
60386915659393
60437800158571
60496284793909
60593870450870
60649230575687
60650922750085
60738366230897
60741568042355
60746377998264
60823262575944
60987310528213
61005506079078
61038587781978
61117798407147
61169403791342
61262643854715
61356826484593
61390554665553
61458918670149
61598208956473
61629347035479
61643639307747
61725247812868
61896118529270
61931603241965
61950044134291
62022091102644
62029576378237
62081798416473
62208907379962
62267599410872
62298643251364
62334778700234
62650498465211
62765095809502
62784621357581
62869798749870
63009582870566
63124685803263
63218822886487
63283608800264
63284066557114
63314350546418
63343116909271
63431975718149
63515650036844
63737317710479
63752672560733
63797940813032
63898137768490
63914160672782
63936565667464
64005198203932
64146655576129
64294944287343
64386850942930
64425544363999
64441890086557
64523544735137
64717876971084
64804055313444
64896008776709
64946865612550
65409614517714
65521332048913
65821619932545
65825609240707
66051870569223
66097774801279
66137315427749
66282167906356
66564566928776
66603486565508
66703788616170
66844548917172
66950929822914
67113140897830
67157763462307
67175260935186
67203070039545
67315862459224
67372231488103
67515148017231
67715920291827
67808627610116
67901743852640
67944334742494
68062702146628
68172520859651
68179039591787
68358976547462
68481347644969
68542681922763
68576720396131
68590948612275
68640095317246
68659526524653
68670731048754
68738826247436
68738914846662
68885401978024
69165692484422
69169656151854
69193413976924
69201644664800
69275614423385
69287479395470
69380226230269
69434757057467
69507126717349
69519611353316
69544411087491
69742926594192
69787459401953
69851961362745
69908259567079
70052476794981
70107758853833
70160230622849
70288442658942
70514523072388
70560104346487
70699440029393
70708060934231
70778537546696
70874918246086
70884002924157
70904179231658
70911389623779
70981519943121
71055089715756
71602859087459
71865775218338
71898005997687
71967642725865
71984580155783
72155096151836
72166672072748
72201542224367
72495458140930
72636012910283
72667548309474
72783534933241
72849036539214
73026711693847
73115673242313
73269576377930
73323927593389
73441508052863
73481175437814
73540120612525
73660808301687
73941410246007
74008726253564
74025110171358
74224424235563
74268496606365
74394026767814
74662211754740
74702519440567
74707515227149
74786174796298
74912071684172
74933569779064
74964387031365
75045183346216
75557577050708
75644342698601
75707728002635
75727117731446
75756558905911
75959363179820
75995431578129
76119348978040
76201775702344
76270011852795
76481937170576
76566515088611
76584945208635
76596746990323
76673379333040
76778417840218
76852163709401
76868296156276
77013944639694
77061491230221
77091846197098
77326425670102
77362310724064
77414251584404
77860154384010
77871971622774
78029967093262
78067677998684
78116048590178
78431533128186
78537595351840
78584885320262
78669888325149
78675295223897
78698309092182
78750098690767
78783372209197
78815619098073
79006939253088
79075477406635
79352557628496
79360250135871
79502171678154
79585923808526
79701399753919
79832328071838
79881132023252
79965422556022
80211724998414
80327827218008
80450392606836
80641283605774
80670380409936
80780185876828
80798597041375
80855910143934
80897182697354
80991919625157
81069054240838
81099833392311
81163466901939
81210497307126
81309788537505
81353681706560
81569407341683
81580290451257
81597174759732
81653147013509
81836264756077
81900144002532
81928385219375
81991516340523
82006890430447
82110651706592
82175573041393
82212105733188
82255505499872
82365172477887
82455418829136
82712963996015
82789195141654
83020066407142
83040167691078
83149220222145
83246713266172
83419623078207
83592631914428
83603232786063
83618065828242
83761602411493
83987950360229
83991882096989
83993285444065
83998741785914
84140727068017
84175022478916
84203390717245
84619967660544
84642901615891
85031454741023
85056741483676
85141735491958
85252454763369
85265246693533
85305132114198
85340183861601
85383808863518
85438464118034
85465898200052
85512428998482
85539374106740
85635661982084
85676876184562
85819712820066
85984614835218
86003646988103
86257870162740
86271714147817
86379301688497
86509460639030
86532125338028
86591550476213
86614195097023
86806395961092
86820665516699
86820851829059
86880583041311
86940422307375
87332427799709
87580208953916
87989937437279
88006560774159
88025829013206
88064402208684
88407616941871
88579793081045
88615522281920
88635383260803
88682815512573
88685946370525
88736261760901
88769637134891
88807236448980
88916768328914
89069356431603
89168086546097
89223356299811
89310620326278
89389181188415
89871628792318
89888275948300
89999554175199
90096332962929
90417760419607
90678179018280
90755228675892
90814698197786
91027423974171
91059965010287
91098928260433
91235664683124
91238817728812
91294881195030
91687200585224
91806255677561
91887317169600
91897078981489
91948043083501
92070234772537
92162023992158
92315541376606
92317318290539
92431770679996
92500929730975
92684870022050
93128476296324
93234000943226
93302411923949
93390481496613
93524232616018
93543430915779
93554445902640
93659617468782
93721874037347
94151567510413
94310648725679
94693916479056
94773954322593
94976520913354
95048907202485
95066308662812
95130250987405
95268449129829
95344263710842
95410095656393
95481645863987
95499656582549
95543586427541
95844560518884
96045594211478
96169470185657
96204231571178
96249250996086
96328624867533
96331229852112
96354922367269
96372582225850
96704551690734
96713628749368
96893435341206
97066613334760
97121058575808
97405161312124
97448834628653
97518338903350
97665034103139
97755503318676
97758206124454
97780647514465
97920294880947
97980160918038
98008618404706
98019484042477
98083935976635
98156295806639
98196839574044
98285612026362
98327746462155
98360652433428
98417941516589
98485370580323
98570251804829
98763410740225
98828065801402
98832468786325
98855401433408
98908550257898
98935986553706
99128034779913
99240986365689
99518445942776
99582897071834
99638300196856
99647590149027
99661782504258
99695385420875
99700908530781
99829249003729
