000464534290694
001248042673566
001637750743140
001756603914997
002942195157461
002991530078466
005118340724362
005515927015646
005567196811797
008086279241113
008345243117677
008530356919810
009148449576248
013049723161160
014501814788471
015081189908294
015114590236490
015388249129180
016871405216391
016985843405649
018698288458974
019716001297038
019882138634738
022031625194484
022207027121079
022788721579553
022838629403407
022923402681367
024047678570475
024726099639325
025649162764703
026252737366813
027353653094582
028664607230028
029738133061041
029861654228719
030489218223577
030489449611195
031668036030765
032302605525139
033453265465668
033780512699016
036104439469066
036453209720445
036607196729255
037404833573521
037907577144627
039172230712414
039661219644480
040291074401442
040491891663551
041315352978597
043538451898104
044271198493215
044776091232777
045139194582469
045601306654192
045691284625371
047279799880583
050302033678761
051093030860910
053424410402669
053709848403341
055733159673099
055968041450995
057226245275348
057548179978836
057923554065619
058597751486597
059763341017853
060602965206697
060768402229716
061342792265617
061850750218811
062422940769125
063115168001725
063939892682684
065680399463250
066741471551769
066876806897499
067168557412094
067324609619892
067639336861989
068401621778588
069283933965016
069509034854297
072678185358299
073103400663592
074374044396129
074946210715087
075730596553842
075940515416516
076734332729488
077263261168143
077608455565039
079779704729397
080640613469809
081145168182919
081907456119570
082512389462255
082878309834296
084527879443631
085878650183231
086702121956902
087659262432336
088431515946016
089056281920797
090135135235926
090320660942040
091520169807859
092249373044527
092371196438409
093129412625767
093929740112560
094119525566956
095948190985504
096857291709886
097546157607015
098301964134319
098601229102472
100609267350123
103714967554643
104479268546054
105191395087653
107810396721463
109455694498573
109564209752408
109794507711100
109959415811514
110317089674261
111473684582876
112022632942486
112222890735120
112726667714626
113655125725615
118238876647563
119723063142603
123092372573959
127935513952077
127963511202627
129806070590694
129916003248715
131413003806443
132256369271707
132993479910422
133311245556484
133833512259679
137147665623917
139543481556527
139652670342913
140215514944881
140376670118992
140625808529030
143565508260449
144045906703455
147853305658135
148371817409781
149049411394816
150867648901177
151288782180537
151518501637069
158989809582994
159399311407210
159575183668854
159727346087062
159933460679814
160694331593348
162351732459395
163343922164316
163491151904487
163884293128829
165740609572217
166101878329367
166349957028768
167462913657942
167705286000897
168443697271682
170049907472495
171301212234854
171863418099451
173567302768688
174119868654042
174813161059817
175299000956731
178201123218610
178295227188863
178313202499101
179378182884704
180492336626391
181710736926919
181920849867441
182484030353198
182602468747024
183088444639768
183713839924667
186019122156502
186889388230496
187097543735648
187158881142832
188359172941390
188953294957465
189063113370570
189819534866608
192218179974357
192563030048830
195926085801221
197087925725555
200507918370049
201199120973684
203363827350532
203497154279923
205772365179829
206160084679592
206356082260556
207006803309569
207769907459409
208503911690578
211130747565604
211875596862426
212082302996276
213514367035238
214279953646044
214545254746841
217055617383939
220152943631868
222901852824457
225159397615261
227600252695989
227635189200914
230528121172348
230738815189796
231240082240056
231589307505362
231821714790338
232214729295844
232319407840056
233349541289822
233868367895734
234184320166344
240368871000132
241602820506507
241979236037183
244204175995211
246941413348237
249940825752221
250676657971084
252035991408428
252544437194215
252967464663796
252976942499336
254152720598773
254253268139638
254296576303814
255297259213753
256138877225276
257822746660167
257905233931286
258227579979310
258755623530456
260747807157627
263643554304744
263694767662801
266020904962433
266327143488686
269509346280725
269779497409309
270964746071015
270970233593087
272169694752155
272952740921828
274163412605981
274640398323707
279268379466318
280170738327159
282719059703800
283260217842825
283593514027979
283657048963462
284279197822577
284895103260256
285200882956191
285451574390341
288615043664975
289004744692855
290275128603648
290651551815854
290945269310141
291116694581028
291954876902152
292134793619482
294105682281852
294918551938170
296161495143716
296755267352654
296816221632316
297154076180873
299788769687877
300367098992760
301149501676278
301503123128527
302073951350799
304013581184029
307106950867148
307672150120995
309211737737784
309712052843448
310687365361275
311228979527401
311285158168903
311764309192742
312963080457962
313783193460205
315069578594666
315545225894211
316458135272684
316798188641893
317474932133840
318308901056282
319104015772710
319753703722278
319758186602927
320853722590884
321587158023708
321612917772167
325253505168995
326347368929962
329670714749558
330005931235191
330659061684791
330788776276841
330863269566029
332226195003046
334489263721960
334822518371917
335581648154487
337351931832516
338733479324269
340555948880130
340602979578415
340664108870350
341024556100388
341131463604570
341978283339969
342431462863684
344829186337973
346441969252207
347098266023395
348905973178075
349539770920595
350166603541580
352983251345158
353527291176500
354366972279432
355286170035642
355411472399763
357420384389381
357749388200729
360727993495422
361589514113078
361817839122521
362021941399833
363744288878076
364010364522827
365125704219360
365541889006144
367753302898741
367868604868529
368376803748708
368685392622234
368941871438386
369022635447301
369743569736370
369831890608076
372585761056198
374244147987961
374811493416578
375815948956401
376815609880195
380549633978936
381177591487332
383738246483651
384673045140678
385505697953688
386522213725699
386722030542237
386775073050654
387078617753953
388430343549349
388890874555450
389374265999506
389632031767102
389772270078949
391792647109511
392459123984709
393382197266165
396095275981426
396189604074396
396290059367219
396472992690676
397216391728380
398392439418070
399271753403066
399624838248981
401044802060764
401507284145805
402629899651050
402940490145031
403597785735240
406470966662227
417005132323895
418501743736259
420987505312549
421584540490497
421693008779291
424422121760532
424483980089359
424581209915784
424689128778399
424883257719396
427009432804419
427272566155608
427369142140329
427838845024374
428120713618863
428720249918903
428743132992821
428879740118217
428914632957897
431927254483480
433405536367627
434695886078451
438524068617429
439544310627210
440132085403380
441251464940009
441604557189624
442477979850792
443403940879248
443680516518195
444209859470147
444302243196047
445214374011373
447231278827006
449019651022861
449482599915770
449881737661041
450397890422348
451782784391387
452071638039300
453868257551688
454339176455131
454994064198617
456055638728298
456221710191596
456804089431553
458278468847875
458543470938020
459503463048062
462051417807303
462653836815831
463120207580549
463834693047589
464661579539620
465301766194543
466195460379967
466836280545526
470652522353287
471082506127553
471933736957477
472231570462015
473036717045513
473660762338279
474005106605240
474086092347933
474135890412199
474552199575841
477709984213400
479509926062734
482054577503973
483006957139517
484030871241387
484374505978553
484918805921365
485137923089201
485860801663289
487642189125335
487828831922408
488650830443599
488797170130910
491364422117482
492272598542700
492476190137220
496822126873551
496875080049492
498172678462781
498875745542882
498876972317811
499619254150722
499950863796448
501598935577592
502403930532409
502601642634016
504288450499818
505296349396116
506044774675090
506649307678872
507032359142228
507690112114473
508410668293372
510619972630640
511993060624201
512511234020046
512999565997460
513843997021819
514162446774018
515098515197358
517874418699790
519193900757144
520838477706407
521318734849192
521441814871858
521688827669744
523714038428692
524094288946246
526480455517795
528792368292093
529372964712700
529603369209397
531604237047969
532382718717713
533225267889345
533231436376515
534900931720283
536328745713814
539617225820271
542404604103703
544010421311914
545527483294890
546486351884043
546780804407599
547222792726803
547955818850448
550311571095870
551576955783064
553209898004510
553451138873680
553499614366844
554136846159917
554414046546453
557433585605964
557950627677636
558120945373140
558879494830706
559342621691128
559460547598442
559853374706103
560264716027427
560761897338507
563904789819984
564474978119761
566102470837268
566384373416080
566962691489675
567192721632091
567910683569952
568901684667077
569074569895833
571991299295617
572158744507066
573442055773119
573813573444854
575827960491059
575931910462026
575964044710847
577836466886954
579384003537476
579551463820808
580186426490493
580263799032505
581955373540610
582048093248909
584104323209856
584517898233983
587028599876791
587168637309102
589297982860239
590057944095216
592786643843404
594545946162544
594833517599527
595068600705568
595899608822474
599035249896974
601210443593178
602407563044291
604948307978073
604979202261312
605816047369183
606289810524729
606740446973499
608826892986753
610192324113839
610327804000631
610752655489092
612270561725705
612527648474689
612699526637222
612766570846762
612872092814103
613745941423886
614104706215609
614269058848557
614658650172711
618553396532474
618981588521451
620681395839988
623828759793419
628529716390344
628734111104229
628804604648177
628930747623883
630361081843362
630556165046791
632122325084644
633474738540954
635039146595721
638192243497266
638980399029531
639003545296112
639188550583727
641813740350906
642959000394214
643461174115815
646065640255389
648249132840447
648648625044741
652475893852402
652636686074780
653313529128967
656122700742873
656160504510839
657333466250614
657861663486155
658016181834717
658605930925647
661016069987610
662366911170606
663429000255593
667144515716983
667250750957509
667871708002076
669456462257241
671823267278994
672535734188015
673229434752753
673354873694397
675109044296505
675356096227724
676418691863958
676735522177971
676807766621137
677376003937776
677632863086007
678364282238024
679547226669756
679915494759045
679969218119209
681449639265595
682282459400374
683029582161791
683374952147629
683780283585528
684151774351916
684496464653760
685452547463985
685915648214102
686520866355846
686728823269568
687870987032616
688716963588235
688917760142141
689328666326034
691297490864845
693595761113388
694427673402501
694668655177147
695440796886458
695971137271258
696708487299395
697494390103906
697708597206900
698036251231098
698294639346318
699627896159512
700520971277806
701269325554657
701537638714229
702825862818413
703270904738961
703803290885236
704665553323004
705798237213779
706167208332178
707049611466154
708973216238859
711952085335092
713805414856269
713990484109744
714567235946459
714815182442577
715918889064504
717923810705190
718535777213593
719299391333272
719813475159116
723773327953613
724434829405260
725094369667798
725361832655537
726196172934686
726553844207234
727956589032460
729695237336060
730609980889438
730668778866564
732324577117155
733769478363050
734861294165948
736232051750401
736988749007521
738025675740912
738846990555745
739108730663105
739228914599439
739362729295180
740334367893134
740386166886875
742366356024477
742880505532523
744164066928587
744171983372595
744187259128234
745074656876927
746369380933879
747207592782522
747709181059834
750192977287024
750249782029387
755115347886856
755709967341206
756093197246897
757466314174105
757764561990493
759372466759381
760860270836104
762993046741462
765539830623098
766161804818470
766256699089111
766838290815889
767155530396234
767174604415726
767266987738283
768033742541060
768541903622045
769414729300867
772158240153897
772813231362795
775940262088197
778339617865849
779318962330476
780459845692937
780699801234251
781032717450512
783678954933903
784788159464839
785190493655523
786474942347937
788154547825577
788974735346546
790832283102919
791647371240454
792640832301483
794159452665187
795690191546289
795936584446812
796204297251386
797274224298021
797851554611284
798477176147570
798858249347756
800745162650217
805554999561192
805980134234130
807071503008155
808839824170076
809490196825028
809998677641845
810589011609757
811142306870120
811186212534494
812181656379516
813589058205153
815202726467612
815741537651459
816777801915490
817538947961843
818423562103318
819042628278202
819792872855338
820496693040056
822149029091102
822765291230370
824498749886111
825120542069741
825501676684125
829413443641196
831210375674349
831397762440247
831558332665172
831715123613631
833191970977517
833393283099169
834018356885130
834274252449114
835066121040235
835369677498678
836267138588779
837280774051982
838023077679723
838085083080978
838767867140634
839319881510604
840292088285481
840671825026066
841874428636023
842154046375813
842412239102610
842483898388888
843176977136040
844246262719270
845076979078583
845496317703749
847167064014113
847375571182876
848170524204396
848413722416975
849761591530478
850630618772013
851427250036077
851549527098915
852594874664390
853155665781537
853321355048582
853540179505304
854613552289760
854626401820323
854676026458394
855495934981274
856444035472303
856447256639704
857553044002455
860402239350785
861792630418657
862009922774968
862128983177712
862883348856203
863141892240308
863188958685489
864635948423531
864721227445478
865256334448495
865633330312480
866864379814180
866980959656318
867033335788269
868108688845214
868462679229736
868777972454249
869859531401130
870549697582316
871282586569686
871460298784209
872442590584011
873078268275021
873814862936377
874375172393080
874497166168551
875555666372904
875897580202115
876793197530180
877401198870622
878145858181769
878181940443666
878198362061347
879733693080785
881274290197523
882627466616917
884425267024776
884631005258160
885142462693470
885208544876849
892405090909882
894032763730976
896390285846517
897364893091618
898213389634297
899474638291726
900481067006900
903021163697511
903058654053733
903129738260287
903928411031513
908235119915069
909383708265655
910056764650721
910312471248319
911528867007635
912240111254687
912906693574509
914555891524457
915945622391194
917471144161587
918458547874738
918641928859232
919711610382388
923381339468676
924121880924176
924222195249914
924815790856626
924876892296758
925116699529320
925162873444858
927823531807188
928245921040465
928487466022986
929894308059836
930318908917799
930614925603802
931418347555085
931752284465303
932665668776991
933637688120562
935720844149262
938096116719052
938869364123949
939891533020500
939912000571868
944460367236874
944724712173688
944934234296099
945346867502502
945963086480556
946010016485535
946506961221188
947384217233437
950602004948367
950629464045845
951743499484316
952401058054581
952421140292887
952502477052000
953200176009257
956842525281499
957029504373368
957556309188745
958012455626524
958128535198461
961958115132639
962230988338844
962838941661845
964869263283420
966382953325630
967560178780546
967928761744882
968513372362134
971227663444299
971359364334819
971724876966481
973180038563374
974350742229613
974679412040832
976182426470308
976994470448739
978030390433524
979520862204488
985152744388467
986293619350256
986843366354868
986912428303780
993490248133188
993886526496807
994845626131190
994989309186295
995841795587398
996235715253074
996603539158039
996886780618917
999587995493107
999855361417645
