00658993
00824361
00837248
00928845
00971388
01028075
01119932
01266062
01266535
01504741
01630452
01662827
01679054
01791979
01884918
02025597
02085901
02183494
02192891
02248047
02388569
02500967
02514841
02574581
02622936
02751713
02778151
02822560
02920450
03198154
03263785
03483843
03491170
03511248
03606111
03890980
03927423
04024483
04120856
04153138
04201444
04328759
04329279
04377830
04503333
04842218
04932457
04954763
05027587
05315930
05327358
05329987
05723685
06242659
06303160
06313803
06341195
06381201
06395530
06511494
06633299
06640796
06687446
06725870
06809185
06894791
07184550
07445459
07574791
07680889
07836309
08047827
08290871
08456154
08462601
08475023
08487708
08697700
08771294
08798842
08827091
08830209
08942335
08964062
09101871
09117895
09145653
09296733
09342571
09451256
09514150
09604027
09658444
09711463
09728648
09806767
09954329
09960944
10180893
10192888
10202439
10383421
10399024
10416179
10714570
10781948
10922974
10962138
11048782
11124293
11146637
11170195
11268154
11305073
11311693
11563648
11572215
11929611
12094654
12163771
12238712
12242716
12619753
12631002
12845535
12954192
13170910
13194643
13272738
13385223
13563709
13571206
14171393
14206666
14560906
14599025
14750443
14784227
14929580
15094254
15139586
15189012
15247357
15264311
15302535
15332051
15485029
15609323
15776304
15815874
15979455
16039579
16044936
16125858
16377132
16479113
16499088
16671023
16774783
16907074
16926084
17094799
17098621
17275776
17346677
17430071
17525913
17751173
18276502
18391904
18466414
18485422
18642227
18786452
18796248
18860184
19112259
19130528
19236857
19403125
19523670
19591316
19624971
19632009
19638708
19692714
19744250
20045834
20126722
20184329
20284460
20306282
20334617
20348553
20365479
20507950
20515178
20735772
20895373
20960733
21052947
21240074
21272000
21683375
21803387
21896149
21976049
21994702
22088361
22105836
22197469
22252536
22505400
22607592
22765806
22783821
22868167
23054771
23433276
23586638
23594377
23642688
23644299
23768500
23791364
23792954
23815736
23953776
24088137
24112732
24213464
24346720
24415552
24589709
24678671
24725424
24791093
25121719
25345928
25527994
25785374
25973045
26118462
26273264
26342767
26356481
26383499
26407892
26461338
26500777
26871020
26896854
26904484
26929478
27016367
27034791
27046859
27131445
27391944
27640653
27695678
27700339
27702977
27717028
27733326
27882499
28111218
28284416
28325789
28330634
28398998
28399348
28426973
28502510
28610940
28701043
28784129
28963147
29047571
29211796
29351254
29356934
29682455
29718704
29766113
29779494
29814524
29932531
29948168
30129530
30270406
30424419
30430593
30462805
30515178
30583092
30706451
30912481
31189477
31215769
31250031
31324277
31348620
31415131
31430439
31458196
31704473
31845658
31890341
31907065
32011077
32061843
32093172
32144816
32153372
32195958
32393225
32445668
32563271
32940153
33212976
33694459
33719425
33845333
33968058
34135152
34410601
34884846
35022881
35067574
35070438
35089074
35197098
35407662
35634667
35667083
35667229
35740392
36118701
36291810
36292188
36411537
36422239
36528221
36679940
36700825
36755103
36782643
36788174
36872777
36887494
36933544
37046521
37048310
37263083
37312836
37438730
37515513
37526117
37586009
37612858
37683808
37835887
37967043
38012683
38022109
38044801
38058224
38164900
38383522
38469228
38664399
38665813
38733175
38768176
38836911
38881455
38881515
38954909
39120529
39169846
39182089
39534496
39604834
39698231
39938880
40034838
40058180
40306807
40587084
40696777
40837092
40840432
40922344
41186501
41390791
41407435
41495379
41592426
42044574
42085488
42186050
42442611
42447022
42492383
42499478
42531636
42755290
42813774
42911704
42917582
43038653
43186737
43186774
43308479
43412004
43466588
43570141
43849193
43856836
43930407
44079870
44226582
44242592
44470052
44509474
44512898
44532677
44562457
44612505
44623260
44656873
44722847
44725941
44786564
45034379
45055605
45075628
45591668
45718000
45737375
45852709
45874072
45878783
45920435
45988131
46020916
46134821
46372638
46489710
46615671
46615860
46624276
46639318
46762769
46792202
46801900
46823004
46920301
47133321
47262210
47317620
47336915
47362968
47464914
47471988
47570985
47615381
47669383
47677719
47703707
47903613
47965289
47982283
48015159
48020418
48053748
48100210
48105242
48311511
48363294
48569539
48620565
48688621
48790071
48889650
48893416
48901403
49041077
49145034
49293217
49384693
49539867
49684371
49736587
49882892
49886064
49886876
49922306
49925852
49948032
50039739
50045922
50107146
50157026
50221453
50228543
50239873
50261907
50307757
50476228
50687631
50799997
50849587
50900899
51248536
51350332
51388382
51674592
51765161
51793481
51841735
52050792
52255382
52466292
52490212
52627716
52642708
52954898
52969780
53060457
53197886
53292728
53341163
53410618
53497687
53511732
53769969
53818021
53827290
53839054
53866588
53940451
54027994
54196123
54216477
54332785
54355470
54490116
54509105
54682070
54794751
54826837
54885966
54926164
54927566
54962821
55036597
55162451
55195743
55248813
55329229
55425520
55500707
55692225
55969234
56069699
56205307
56306099
56324649
56342029
56378911
56439498
56476711
56483247
56511516
56588785
56607013
56651533
56670212
56767639
57065682
57084975
57174479
57223069
57263483
57297138
57400678
57451974
57530159
57545339
57784714
57879462
58026089
58140906
58182815
58395566
58441889
58450932
58463403
58535876
58542850
58710683
58812478
59058104
59137146
59199967
59218772
59272077
59312560
59329621
59346867
59454947
59513429
59517547
59518260
59657875
59759823
59915780
60041212
60095937
60181842
60368078
60389690
60508011
60549069
60746016
61192126
61553240
61577609
61588877
61691883
61794551
61860318
61914810
62095360
62240666
62319540
62375405
62439802
62738818
62758582
62809701
62980494
63026067
63095665
63334936
63402193
63823632
63839950
64018215
64075870
64357419
64446200
64496243
64555123
64581612
64673080
64678483
64744274
64843598
65087669
65228290
65281262
65339040
65591930
65627563
65649440
65702476
65706579
65783582
65907457
66061072
66174937
66195522
66211367
66223723
66302110
66525338
66561517
66732137
66793120
66793631
66801370
66847027
66952476
67013926
67149971
67209269
67432933
67473250
67554241
67872470
67925739
68173384
68431364
68536054
68552789
68559516
68602792
68683255
68754273
68853891
69147969
69275185
69343933
69623669
69790457
69905388
69956951
70151243
70290370
70301883
70327055
70546951
70559745
70789840
70915978
70965882
70977175
71040824
71210888
71243046
71252458
71365648
71367238
71587795
71668204
71898392
72072191
72170164
72346721
72346819
72576353
72705404
72780752
72929762
72939011
73135668
73447802
73549174
73883926
74104882
74179032
74303282
74325070
74366434
74714400
74766201
74773512
74892120
75156008
75212312
75271343
75348102
75464949
75490953
75580419
75733152
75767011
75904947
76004512
76024963
76067410
76299483
76306787
76446822
76478977
76540282
76547142
76552384
76597968
76790127
76796041
76853053
77093843
77123639
77186673
77384524
77432448
77477481
77598376
77599181
77616792
77665808
77675605
77719832
77890793
77892946
78280424
78554321
78592579
78747020
78893403
78954842
78978208
79206923
79321811
79982712
80021777
80314196
80362706
80391898
80414402
80490204
80853423
81026414
81251923
81256987
81312135
81343474
81702181
81726593
81823279
81967715
82115972
82118791
82245719
82342289
82353103
82550576
82630993
82773065
82803579
82889009
82973758
83071256
83194977
83280176
83431638
83454901
83663577
83672056
83922480
84047323
84094264
84138731
84148104
84380427
84398370
84624191
84635582
84713044
84810999
84838054
85170152
85396051
85413374
85419512
85596930
85621562
85692838
85952092
85969603
86172436
86202383
86310063
86314030
86346289
86394022
86430170
86433729
86484243
86494898
86541699
86542774
86575958
86837572
86869104
86935676
86960764
87130181
87152775
87294151
87298595
87335733
87368677
87565960
88155821
88321458
88339445
88415329
88485752
88586426
88622363
88661487
88815933
88881144
89010475
89011185
89252405
89455213
89671403
89839421
90025101
90027552
90032367
90210823
90278771
90781991
91089462
91159197
91242148
91307887
91532906
91681112
91951783
91988753
92038585
92144009
92222213
92574175
92679663
92701864
92762053
92824116
92931509
92941737
93004731
93060019
93158943
93185504
93210539
93255616
93286835
93546835
93563786
93639041
93651674
93670172
93672796
93689038
93750024
93767470
93794342
93818879
93967661
93968898
94040264
94102358
94136680
94289945
94325237
94347419
94600891
94625967
94628837
94629577
94719789
94743310
94898665
95023415
95045106
95055393
95082334
95291031
95442497
95526674
95880675
95991579
96020575
96102005
96232004
96248196
96274711
96291610
96432565
96433987
96516283
96595218
96625616
96898499
96938781
97090296
97308858
97354716
97493891
97743830
97799042
98029209
98110907
98226875
98320967
98437627
98524121
98768177
98981145
99035798
99047894
99086316
99112921
99131114
99211127
99498202
99504664
99528120
99625649
99692663
99750439
99993535
