000695690
004159070
005855854
007702118
008336313
008487422
010243277
012180038
012377215
013901135
014693086
018505718
018574371
018891630
019015841
019711314
020014622
022173296
022441927
023078387
024820401
026534656
027948909
028285592
028502490
032975815
034541394
034584699
037834989
038191448
040822645
041600414
042727951
043621837
044541084
046986289
048929488
049075482
049310262
051878515
052515214
054244615
055010266
055582933
056698555
056977212
057225219
057513243
057757201
059123578
061955821
062161838
066033303
066375038
069412997
070666066
071497810
071986982
072333426
075128920
075756077
077783527
077801902
078732695
079125071
081558604
082556728
082738440
083498018
083587389
083753679
083868718
086101896
086134438
086933174
087543098
087699824
088560745
089720624
094445467
094679354
095117907
097724340
098632528
099559267
101537567
103840655
104533812
105437643
105727097
106038890
106217030
106297394
108769281
110185488
110193898
110800681
111012851
113211452
116511726
116817054
118418269
119939163
119964119
120319172
120730107
122366883
124060890
124960862
125029675
125589135
127909186
128176205
130363337
130988802
131614819
132235536
133200968
135082553
137400926
138497111
138695054
138700204
139116497
139968822
141733657
142076377
143683428
144077924
144333336
145127019
145268658
146672787
146819352
146994959
147110667
147635118
148153734
148213467
149240953
152220570
155750492
156277026
159084373
160967876
161285850
161734783
161773435
162821111
163844829
165115025
165742643
166048447
167570291
167855281
168160183
170726821
171144405
171581067
171678667
172678463
173310396
174674597
174772052
175384841
178006958
180031317
180353650
181752404
184177370
185904127
186590741
186604784
188430212
190367280
190646551
193437202
193493188
193567964
194006427
194477457
195331303
195503976
196647827
196723923
196757037
196775400
196829080
199713077
199814348
200429067
200779705
200919423
201466859
201886656
202133922
202283661
202398041
204308137
205807548
207521297
209124320
210504030
211228295
211975596
212457162
213040258
213275612
213499494
214054162
214506312
214847631
215744151
216953664
217219432
218066626
218215787
219110852
219908524
220361490
220627585
220874443
221167628
225929324
227055193
229376428
230997806
232045825
233048255
233516855
236466320
236539785
237313525
237436357
240300493
240449623
241040785
241165834
243085677
244446718
246427888
246480322
246598570
248214687
248685425
249022941
253051941
254337089
260125929
260612362
261747982
262600239
262636376
264786915
265859679
266882961
270005041
270396565
271600447
272140388
272275049
272398455
274026703
274472247
274997493
275340446
275567853
275703408
275867440
276169686
276442934
278503054
279547276
280575134
281538344
283643709
286546015
288767755
289199222
289223666
290518842
290623665
291278166
291322859
292896049
293566827
295275645
297186049
297424104
297773145
298657397
298875021
299824977
303110479
303665370
304433065
304606510
306161629
309500700
310149775
312304312
314392250
315765040
317864531
319180287
319796542
320885786
321260934
321405563
322793314
322802367
322974168
323235597
324309532
324618213
324806663
324822754
324994590
327181260
327448100
327655902
329373042
331410734
332295700
332375060
333052301
333740087
335404826
335890768
336168376
336188304
336199120
337637224
338757810
339327407
342344588
343046758
343580059
344326758
344575244
346319514
346627998
349426501
351611039
351742390
352042140
352237307
353979143
354138546
354162516
355198003
356160781
356796641
357747038
358979820
359783150
360514365
362205174
362957435
363252384
363471840
364111712
364225237
364299503
364516017
365407537
366023396
367612207
367715403
367825974
370290623
371165581
373197435
374600163
381199881
382076863
383108387
383330301
384209050
385086736
385580449
386279010
388873301
389070500
389129284
389373349
390095795
390187172
390223429
392670899
395728477
396927264
397185536
398837718
400234904
401087808
401673887
402438192
404662305
404807011
409291180
409788103
410267724
410499008
410570894
410857633
411155202
411514923
413582619
414785250
415159461
415189839
415485218
418391716
419589579
419925022
420777092
421296642
421823060
421930353
422690268
426953779
426986759
427054288
427062679
427248683
428394251
428422718
429231836
430565314
430576520
431263781
433697149
434317448
435446710
435869448
436316305
436498280
437007260
437151137
437805567
439888764
442283536
443361824
444555846
444787940
444966624
446246726
446757221
448252843
448515821
449473796
450806812
452453276
453047131
453643587
454315679
455282148
455349597
455967688
456150065
456187936
457023161
457133908
457909636
459005458
459156395
459699877
460008712
460272203
460868830
461758629
462414324
462686165
463334161
463819859
464730588
465001936
465984201
466269240
467518213
468916696
469242116
469566836
469769779
471499492
472130578
473901471
473953836
475125993
475875659
478189403
479658851
481001194
481554435
481772136
481839365
483289838
483332336
487375986
488086698
488904409
489381063
489896625
490828650
491965696
492391802
492628579
494252436
494519797
494537147
495026981
495316601
495514854
497170403
500262095
501321522
501518944
501567515
501870173
502436478
502851421
505225358
506132866
506135960
508182155
508339390
509071582
509220917
509263667
510096852
510195410
511940684
511986376
512598383
513131605
513523644
513537396
514892232
515576990
516624222
517102812
519143642
519773197
520318075
522186622
522682316
526397101
526510472
526591803
527322328
529007002
531415845
533360943
533742344
535690184
536136727
536718865
538304660
538552482
539333569
539789127
540346664
541008959
541049347
543250430
543998063
545519443
545884880
546726235
548649381
549325537
550180032
551399989
553759453
554097496
554355588
555239572
555560984
556099746
557658633
557891185
558099385
561103460
562407803
566209045
566582090
568006013
569190981
569362652
570159271
570288881
571840996
574927735
575771277
577315047
577506850
577558910
577950037
581702225
583431949
584987506
587530966
589066056
590391663
592544444
593316017
593815475
594281328
595876202
596229515
596249004
596749786
596873967
597474342
597699960
601385718
602363327
602816192
604605671
604613805
604719999
604742672
605183087
605557018
607340597
608382566
608968127
609368984
609529587
610363323
610812075
613682473
614589329
614915685
616540977
619175553
619607659
620605394
621991018
622656461
623090174
623707716
623840243
626555776
628745884
630342839
630414021
631281467
633882112
635799911
636990699
636998013
638552842
639568547
639645671
642030034
642558995
642665296
643081213
645132386
645523343
645651067
645753946
646464363
646535301
647376352
647744797
647909474
648285347
649200517
649890885
650115610
650224859
653166278
654145516
655093761
655985973
657392698
658574471
659167731
660240750
661139369
662524805
663711909
664669071
666178604
666394156
667319344
667949045
668604830
669269406
672521061
674280649
674832081
678069842
678360992
679054598
679373522
684041321
684468496
685256619
685342591
686163411
686427681
686941555
687952732
688549477
688609192
689136578
689207628
691435525
692381210
692984957
693415084
694548557
696488065
696802758
697143292
697173793
699387980
699618839
700482541
701777811
701827045
701957933
703592794
704929315
710219416
712135072
713392136
713753433
715220240
717329570
719491413
720162788
722452482
723194666
723430560
725497179
726150924
728339944
729797804
731473639
732149348
732162243
732739661
733179454
733504192
739297088
740135046
741188090
742363247
743123835
744793605
745930289
748280358
750636102
751463966
751889292
752908313
756698208
756842591
757223145
757573167
758277144
760345570
762672252
763824022
766441095
768546188
768637638
771288628
771436573
771613747
774493103
774748032
776683672
777670329
779294772
779694878
781050683
781483206
782608367
782882409
785199089
787396519
787790857
787804619
788536469
789387013
790400540
790566936
791447608
794234957
794291477
794483387
795600245
799685584
801615818
803684480
804448755
805660598
807499836
808579232
809589895
809955751
810953185
812519224
814513784
815303116
815392622
815617395
820893872
820943979
822096528
824830115
826700386
827382685
827389589
828679956
828907142
829185720
829619170
830686799
830692984
830895105
833797082
834504199
836657951
837075889
841407522
842321949
844613307
845926463
847457197
847701466
848343589
848486065
848561468
849707381
849915006
850236817
850830570
851463548
852064966
852460703
852679805
855422399
855836152
856014805
856465422
857739947
860653687
860853266
861164820
862506340
862566288
863234641
863294552
864522801
866952762
867395759
868762348
869453388
870064934
871924079
872264807
872822423
877046953
877073648
877270963
878541314
879070310
879459950
879492270
879571717
881279483
882712590
883330351
885097948
887411344
887416656
890631724
890733633
892758427
893966296
894555952
894976215
896348234
897097133
897631639
898577048
900424462
900484144
901165640
901446543
901877492
902206826
903877948
904100112
904515191
908860255
908883688
911297240
911788671
911871638
912902029
913069049
913561126
917149275
917470324
917697864
918804323
919070863
920735693
920851421
921167960
922068920
925819145
926707985
928547915
930372228
930743517
932076588
933747360
933781190
938671026
939084635
939810607
940555768
941285517
941385675
941629638
943435082
945550917
946106680
946548834
947661015
947848311
949562456
949850583
951528434
952113337
952298496
954421778
955095522
956434487
957121858
957564947
957615020
958470984
958855845
959348051
959373752
959402108
961981245
964983865
965629473
966738638
967857392
969071367
969243754
969502862
969767260
972197890
972660589
972922332
973198926
973993574
974429269
974634967
977058274
977398420
977461455
978687740
979213831
979571687
980171218
980185303
982854706
983437216
983649900
984101315
984251826
985012114
985942793
986931994
990272833
990356766
990553702
992059327
992726889
993716879
994280164
995229384
995260818
995310407
996526005
999196690
